0.000000
0.001750
0.003497
0.005236
0.006969
0.008700
0.010422
0.012140
0.013855
0.015562
0.017263
0.018960
0.020654
0.022340
0.024021
0.025700
0.027371
0.029037
0.030698
0.032357
0.034009
0.035655
0.037299
0.038936
0.040568
0.042195
0.043820
0.045438
0.047051
0.048660
0.050263
0.051865
0.053460
0.055050
0.056636
0.058217
0.059796
0.061368
0.062936
0.064499
0.066058
0.067613
0.069163
0.070709
0.072251
0.073791
0.075325
0.076854
0.078379
0.079899
0.081416
0.082929
0.084437
0.085941
0.087442
0.088938
0.090430
0.091916
0.093401
0.094881
0.096358
0.097830
0.099299
0.100764
0.102225
0.103680
0.105134
0.106583
0.108029
0.109469
0.110908
0.112342
0.113773
0.115199
0.116622
0.118040
0.119457
0.120870
0.122277
0.123683
0.125083
0.126482
0.127875
0.129267
0.130653
0.132038
0.133418
0.134794
0.136168
0.137538
0.138906
0.140268
0.141627
0.142983
0.144338
0.145687
0.147033
0.148376
0.149716
0.151052
0.152387
0.153717
0.155044
0.156368
0.157689
0.159006
0.160320
0.161630
0.162938
0.164243
0.165545
0.166844
0.168140
0.169431
0.170721
0.172008
0.173290
0.174572
0.175850
0.177123
0.178396
0.179663
0.180930
0.182192
0.183453
0.184709
0.185962
0.187214
0.188462
0.189707
0.190951
0.192190
0.193427
0.194661
0.195892
0.197120
0.198346
0.199569
0.200790
0.202007
0.203222
0.204435
0.205645
0.206852
0.208054
0.209256
0.210456
0.211653
0.212845
0.214037
0.215224
0.216411
0.217593
0.218775
0.219952
0.221127
0.222301
0.223471
0.224638
0.225805
0.226967
0.228128
0.229285
0.230441
0.231594
0.232744
0.233892
0.235038
0.236182
0.237321
0.238460
0.239596
0.240730
0.241860
0.242990
0.244116
0.245241
0.246362
0.247482
0.248599
0.249713
0.250827
0.251937
0.253044
0.254150
0.255253
0.256354
0.257453
0.258550
0.259644
0.260737
0.261827
0.262915
0.264000
0.265084
0.266166
0.267244
0.268321
0.269395
0.270469
0.271539
0.272608
0.273674
0.274737
0.275799
0.276859
0.277918
0.278974
0.280027
0.281077
0.282127
0.283175
0.284220
0.285264
0.286304
0.287344
0.288382
0.289416
0.290451
0.291481
0.292510
0.293538
0.294563
0.295586
0.296607
0.297626
0.298644
0.299659
0.300673
0.301685
0.302695
0.303703
0.304708
0.305712
0.306713
0.307714
0.308712
0.309709
0.310703
0.311696
0.312688
0.313677
0.314663
0.315649
0.316632
0.317614
0.318594
0.319571
0.320547
0.321522
0.322494
0.323466
0.324435
0.325402
0.326367
0.327332
0.328293
0.329253
0.330212
0.331168
0.332123
0.333077
0.334028
0.334979
0.335926
0.336872
0.337818
0.338760
0.339702
0.340641
0.341579
0.342516
0.343450
0.344383
0.345314
0.346244
0.347172
0.348098
0.349023
0.349945
0.350867
0.351788
0.352705
0.353623
0.354537
0.355450
0.356363
0.357273
0.358181
0.359088
0.359994
0.360898
0.361799
0.362700
0.363600
0.364497
0.365394
0.366287
0.367181
0.368072
0.368962
0.369850
0.370739
0.371624
0.372507
0.373389
0.374270
0.375150
0.376027
0.376904
0.377779
0.378653
0.379524
0.380395
0.381265
0.382132
0.382998
0.383863
0.384727
0.385587
0.386448
0.387307
0.388164
0.389021
0.389875
0.390728
0.391581
0.392431
0.393280
0.394128
0.394974
0.395818
0.396661
0.397504
0.398344
0.399184
0.400021
0.400859
0.401693
0.402527
0.403359
0.404190
0.405020
0.405849
0.406676
0.407501
0.408326
0.409149
0.409971
0.410791
0.411610
0.412428
0.413244
0.414059
0.414873
0.415686
0.416498
0.417307
0.418116
0.418923
0.419730
0.420534
0.421338
0.422140
0.422941
0.423741
0.424539
0.425337
0.426132
0.426928
0.427720
0.428513
0.429304
0.430094
0.430882
0.431669
0.432455
0.433241
0.434025
0.434806
0.435588
0.436367
0.437147
0.437924
0.438700
0.439475
0.440249
0.441022
0.441794
0.442565
0.443333
0.444102
0.444868
0.445634
0.446399
0.447162
0.447925
0.448686
0.449446
0.450204
0.450962
0.451717
0.452473
0.453227
0.453980
0.454733
0.455483
0.456233
0.456981
0.457728
0.458475
0.459219
0.459964
0.460706
0.461448
0.462188
0.462928
0.463666
0.464404
0.465141
0.465876
0.466610
0.467342
0.468075
0.468805
0.469535
0.470263
0.470991
0.471718
0.472442
0.473167
0.473890
0.474613
0.475334
0.476054
0.476773
0.477491
0.478208
0.478924
0.479638
0.480353
0.481065
0.481778
0.482488
0.483198
0.483906
0.484614
0.485320
0.486026
0.486731
0.487434
0.488136
0.488839
0.489539
0.490238
0.490937
0.491634
0.492331
0.493027
0.493721
0.494414
0.495106
0.495799
0.496489
0.497178
0.497867
0.498555
0.499241
0.499927
0.500611
0.501295
0.501978
0.502659
0.503341
0.504021
0.504699
0.505377
0.506054
0.506730
0.507406
0.508080
0.508752
0.509425
0.510096
0.510766
0.511436
0.512104
0.512772
0.513438
0.514104
0.514769
0.515433
0.516097
0.516758
0.517419
0.518080
0.518739
0.519397
0.520055
0.520711
0.521367
0.522022
0.522676
0.523328
0.523980
0.524631
0.525282
0.525931
0.526580
0.527227
0.527875
0.528520
0.529165
0.529809
0.530452
0.531095
0.531736
0.532377
0.533016
0.533654
0.534293
0.534930
0.535567
0.536201
0.536836
0.537469
0.538103
0.538735
0.539366
0.539996
0.540625
0.541254
0.541881
0.542509
0.543134
0.543759
0.544385
0.545007
0.545630
0.546252
0.546874
0.547494
0.548113
0.548731
0.549349
0.549966
0.550582
0.551198
0.551812
0.552426
0.553038
0.553650
0.554262
0.554872
0.555482
0.556090
0.556699
0.557306
0.557912
0.558518
0.559123
0.559727
0.560329
0.560932
0.561534
0.562134
0.562734
0.563334
0.563932
0.564530
0.565127
0.565724
0.566319
0.566913
0.567507
0.568100
0.568693
0.569284
0.569874
0.570465
0.571054
0.571643
0.572230
0.572817
0.573403
0.573988
0.574574
0.575158
0.575741
0.576323
0.576904
0.577486
0.578065
0.578646
0.579224
0.579802
0.580379
0.580955
0.581531
0.582106
0.582681
0.583254
0.583827
0.584398
0.584970
0.585541
0.586111
0.586680
0.587248
0.587816
0.588383
0.588950
0.589515
0.590080
0.590644
0.591207
0.591770
0.592332
0.592893
0.593454
0.594014
0.594573
0.595131
0.595689
0.596246
0.596802
0.597358
0.597913
0.598467
0.599021
0.599574
0.600126
0.600677
0.601229
0.601779
0.602328
0.602877
0.603424
0.603972
0.604518
0.605065
0.605610
0.606155
0.606699
0.607242
0.607785
0.608327
0.608868
0.609408
0.609948
0.610488
0.611026
0.611565
0.612102
0.612638
0.613174
0.613710
0.614245
0.614778
0.615311
0.615844
0.616376
0.616907
0.617438
0.617968
0.618498
0.619026
0.619555
0.620082
0.620609
0.621135
0.621660
0.622186
0.622710
0.623234
0.623756
0.624279
0.624800
0.625322
0.625842
0.626362
0.626880
0.627399
0.627917
0.628435
0.628951
0.629467
0.629982
0.630497
0.631011
0.631525
0.632038
0.632550
0.633062
0.633572
0.634083
0.634593
0.635102
0.635611
0.636119
0.636626
0.637133
0.637639
0.638144
0.638649
0.639154
0.639657
0.640160
0.640663
0.641165
0.641666
0.642167
0.642666
0.643166
0.643665
0.644163
0.644661
0.645158
0.645654
0.646151
0.646646
0.647141
0.647635
0.648128
0.648622
0.649114
0.649605
0.650097
0.650587
0.651078
0.651567
0.652056
0.652544
0.653032
0.653519
0.654006
0.654491
0.654977
0.655462
0.655946
0.656430
0.656913
0.657396
0.657877
0.658359
0.658840
0.659320
0.659800
0.660279
0.660758
0.661235
0.661713
0.662190
0.662666
0.663142
0.663617
0.664092
0.664566
0.665040
0.665513
0.665986
0.666457
0.666929
0.667399
0.667870
0.668340
0.668809
0.669278
0.669745
0.670213
0.670680
0.671146
0.671612
0.672078
0.672542
0.673007
0.673470
0.673933
0.674396
0.674858
0.675320
0.675781
0.676241
0.676701
0.677161
0.677619
0.678078
0.678536
0.678993
0.679450
0.679906
0.680362
0.680817
0.681272
0.681726
0.682179
0.682633
0.683085
0.683537
0.683989
0.684440
0.684890
0.685340
0.685790
0.686239
0.686687
0.687135
0.687582
0.688029
0.688475
0.688921
0.689367
0.689811
0.690255
0.690699
0.691143
0.691586
0.692028
0.692469
0.692910
0.693351
0.693792
0.694231
0.694671
0.695110
0.695548
0.695985
0.696423
0.696859
0.697296
0.697731
0.698167
0.698601
0.699036
0.699470
0.699903
0.700335
0.700768
0.701199
0.701631
0.702061
0.702492
0.702921
0.703351
0.703780
0.704209
0.704637
0.705064
0.705490
0.705917
0.706343
0.706768
0.707194
0.707618
0.708042
0.708465
0.708889
0.709311
0.709733
0.710155
0.710576
0.710996
0.711417
0.711836
0.712256
0.712674
0.713093
0.713510
0.713928
0.714344
0.714761
0.715177
0.715592
0.716008
0.716422
0.716837
0.717250
0.717663
0.718076
0.718488
0.718900
0.719311
0.719722
0.720132
0.720542
0.720952
0.721360
0.721769
0.722177
0.722584
0.722992
0.723399
0.723805
0.724210
0.724616
0.725021
0.725425
0.725829
0.726232
0.726635
0.727038
0.727440
0.727842
0.728243
0.728644
0.729045
0.729444
0.729844
0.730243
0.730642
0.731039
0.731438
0.731835
0.732231
0.732627
0.733023
0.733419
0.733814
0.734208
0.734603
0.734996
0.735389
0.735782
0.736175
0.736567
0.736958
0.737350
0.737740
0.738130
0.738520
0.738909
0.739298
0.739687
0.740075
0.740462
0.740849
0.741236
0.741623
0.742008
0.742394
0.742779
0.743163
0.743548
0.743932
0.744315
0.744698
0.745080
0.745462
0.745844
0.746226
0.746606
0.746987
0.747366
0.747746
0.748125
0.748504
0.748882
0.749260
0.749638
0.750014
0.750391
0.750767
0.751143
0.751518
0.751893
0.752267
0.752642
0.753016
0.753389
0.753762
0.754134
0.754506
0.754878
0.755249
0.755620
0.755990
0.756360
0.756730
0.757099
0.757468
0.757836
0.758204
0.758571
0.758938
0.759306
0.759671
0.760037
0.760403
0.760768
0.761133
0.761497
0.761861
0.762225
0.762588
0.762950
0.763313
0.763675
0.764036
0.764397
0.764758
0.765118
0.765478
0.765838
0.766197
0.766556
0.766914
0.767272
0.767630
0.767986
0.768344
0.768700
0.769056
0.769411
0.769767
0.770122
0.770476
0.770830
0.771184
0.771537
0.771890
0.772242
0.772595
0.772946
0.773297
0.773648
0.773999
0.774349
0.774699
0.775048
0.775397
0.775746
0.776094
0.776442
0.776789
0.777137
0.777483
0.777829
0.778176
0.778521
0.778866
0.779211
0.779555
0.779900
0.780243
0.780586
0.780929
0.781272
0.781614
0.781956
0.782297
0.782638
0.782979
0.783319
0.783659
0.783999
0.784338
0.784677
0.785015
0.785353
0.785690
0.786028
0.786365
0.786702
0.787038
0.787374
0.787709
0.788044
0.788379
0.788713
0.789047
0.789381
0.789714
0.790047
0.790379
0.790712
0.791044
0.791375
0.791706
0.792037
0.792367
0.792697
0.793027
0.793356
0.793685
0.794014
0.794342
0.794670
0.794997
0.795324
0.795651
0.795977
0.796304
0.796629
0.796955
0.797280
0.797604
0.797928
0.798252
0.798576
0.798899
0.799222
0.799544
0.799866
0.800188
0.800509
0.800830
0.801151
0.801472
0.801792
0.802111
0.802431
0.802750
0.803068
0.803386
0.803704
0.804022
0.804339
0.804656
0.804972
0.805289
0.805604
0.805920
0.806235
0.806550
0.806864
0.807178
0.807492
0.807805
0.808118
0.808431
0.808744
0.809056
0.809367
0.809679
0.809990
0.810300
0.810611
0.810921
0.811230
0.811540
0.811849
0.812157
0.812465
0.812773
0.813081
0.813388
0.813695
0.814002
0.814308
0.814613
0.814919
0.815224
0.815529
0.815834
0.816138
0.816442
0.816746
0.817049
0.817352
0.817654
0.817957
0.818258
0.818560
0.818861
0.819162
0.819463
0.819763
0.820063
0.820362
0.820661
0.820961
0.821259
0.821557
0.821855
0.822153
0.822450
0.822747
0.823043
0.823340
0.823636
0.823932
0.824227
0.824522
0.824816
0.825110
0.825404
0.825698
0.825992
0.826284
0.826578
0.826869
0.827162
0.827453
0.827745
0.828036
0.828327
0.828617
0.828907
0.829197
0.829487
0.829776
0.830064
0.830353
0.830641
0.830929
0.831217
0.831504
0.831791
0.832078
0.832363
0.832650
0.832935
0.833221
0.833506
0.833790
0.834075
0.834359
0.834642
0.834926
0.835209
0.835492
0.835775
0.836057
0.836339
0.836620
0.836901
0.837182
0.837463
0.837743
0.838023
0.838302
0.838582
0.838861
0.839140
0.839419
0.839696
0.839974
0.840252
0.840529
0.840806
0.841083
0.841359
0.841635
0.841910
0.842186
0.842461
0.842735
0.843010
0.843284
0.843558
0.843831
0.844105
0.844378
0.844650
0.844922
0.845195
0.845466
0.845737
0.846008
0.846279
0.846550
0.846820
0.847090
0.847359
0.847628
0.847898
0.848166
0.848434
0.848703
0.848970
0.849237
0.849505
0.849772
0.850038
0.850305
0.850570
0.850836
0.851101
0.851367
0.851631
0.851896
0.852160
0.852424
0.852687
0.852950
0.853214
0.853476
0.853739
0.854001
0.854262
0.854524
0.854785
0.855046
0.855307
0.855567
0.855827
0.856087
0.856346
0.856605
0.856864
0.857123
0.857381
0.857639
0.857897
0.858154
0.858411
0.858668
0.858924
0.859180
0.859437
0.859692
0.859947
0.860202
0.860457
0.860712
0.860966
0.861220
0.861474
0.861727
0.861980
0.862233
0.862485
0.862737
0.862989
0.863241
0.863492
0.863743
0.863994
0.864244
0.864494
0.864744
0.864994
0.865243
0.865492
0.865741
0.865989
0.866238
0.866485
0.866733
0.866981
0.867227
0.867474
0.867720
0.867967
0.868213
0.868459
0.868704
0.868949
0.869193
0.869438
0.869682
0.869926
0.870170
0.870413
0.870657
0.870899
0.871142
0.871384
0.871626
0.871868
0.872109
0.872350
0.872591
0.872832
0.873072
0.873312
0.873552
0.873791
0.874030
0.874269
0.874508
0.874746
0.874984
0.875222
0.875460
0.875697
0.875934
0.876171
0.876407
0.876644
0.876880
0.877115
0.877350
0.877586
0.877820
0.878055
0.878289
0.878523
0.878757
0.878990
0.879223
0.879456
0.879689
0.879921
0.880153
0.880385
0.880617
0.880848
0.881079
0.881310
0.881540
0.881770
0.882000
0.882230
0.882459
0.882688
0.882917
0.883145
0.883374
0.883602
0.883830
0.884057
0.884284
0.884511
0.884738
0.884965
0.885190
0.885417
0.885642
0.885868
0.886092
0.886318
0.886542
0.886766
0.886990
0.887214
0.887438
0.887661
0.887884
0.888106
0.888329
0.888551
0.888773
0.888995
0.889216
0.889437
0.889658
0.889878
0.890099
0.890319
0.890539
0.890758
0.890978
0.891197
0.891416
0.891634
0.891852
0.892070
0.892288
0.892506
0.892723
0.892940
0.893156
0.893373
0.893589
0.893805
0.894020
0.894236
0.894451
0.894665
0.894880
0.895095
0.895309
0.895523
0.895736
0.895949
0.896163
0.896376
0.896588
0.896800
0.897012
0.897224
0.897435
0.897647
0.897857
0.898069
0.898279
0.898489
0.898699
0.898909
0.899118
0.899328
0.899537
0.899745
0.899954
0.900162
0.900370
0.900577
0.900785
0.900992
0.901199
0.901406
0.901612
0.901818
0.902024
0.902230
0.902435
0.902641
0.902845
0.903050
0.903254
0.903458
0.903662
0.903866
0.904070
0.904273
0.904475
0.904678
0.904880
0.905083
0.905284
0.905486
0.905688
0.905889
0.906090
0.906290
0.906491
0.906691
0.906891
0.907090
0.907290
0.907489
0.907688
0.907887
0.908085
0.908283
0.908481
0.908679
0.908876
0.909073
0.909270
0.909467
0.909663
0.909860
0.910055
0.910251
0.910447
0.910642
0.910837
0.911032
0.911226
0.911420
0.911614
0.911808
0.912002
0.912195
0.912388
0.912581
0.912773
0.912965
0.913158
0.913349
0.913541
0.913732
0.913923
0.914114
0.914305
0.914495
0.914685
0.914875
0.915064
0.915254
0.915443
0.915632
0.915820
0.916009
0.916197
0.916385
0.916573
0.916760
0.916947
0.917134
0.917321
0.917507
0.917693
0.917879
0.918065
0.918251
0.918436
0.918621
0.918806
0.918990
0.919175
0.919358
0.919543
0.919726
0.919910
0.920093
0.920276
0.920458
0.920641
0.920823
0.921005
0.921186
0.921368
0.921549
0.921730
0.921911
0.922091
0.922272
0.922452
0.922631
0.922811
0.922990
0.923169
0.923348
0.923527
0.923705
0.923884
0.924061
0.924239
0.924416
0.924594
0.924771
0.924948
0.925124
0.925300
0.925476
0.925652
0.925828
0.926003
0.926178
0.926353
0.926528
0.926702
0.926876
0.927050
0.927224
0.927398
0.927571
0.927743
0.927917
0.928089
0.928261
0.928433
0.928605
0.928777
0.928948
0.929120
0.929290
0.929461
0.929632
0.929802
0.929972
0.930142
0.930311
0.930480
0.930650
0.930819
0.930987
0.931155
0.931324
0.931492
0.931659
0.931827
0.931994
0.932161
0.932328
0.932494
0.932661
0.932827
0.932993
0.933159
0.933324
0.933489
0.933654
0.933819
0.933983
0.934148
0.934312
0.934476
0.934639
0.934802
0.934965
0.935128
0.935291
0.935454
0.935616
0.935778
0.935940
0.936101
0.936262
0.936424
0.936585
0.936745
0.936906
0.937066
0.937226
0.937385
0.937545
0.937704
0.937863
0.938022
0.938181
0.938339
0.938498
0.938656
0.938813
0.938971
0.939128
0.939285
0.939442
0.939599
0.939755
0.939912
0.940067
0.940223
0.940379
0.940534
0.940689
0.940844
0.940998
0.941153
0.941307
0.941461
0.941615
0.941768
0.941921
0.942074
0.942227
0.942380
0.942532
0.942685
0.942837
0.942988
0.943140
0.943291
0.943442
0.943593
0.943744
0.943894
0.944044
0.944194
0.944344
0.944494
0.944643
0.944792
0.944941
0.945089
0.945238
0.945386
0.945534
0.945682
0.945829
0.945977
0.946124
0.946271
0.946417
0.946564
0.946710
0.946856
0.947002
0.947147
0.947293
0.947438
0.947583
0.947728
0.947873
0.948016
0.948161
0.948304
0.948448
0.948592
0.948735
0.948878
0.949021
0.949163
0.949306
0.949448
0.949590
0.949731
0.949873
0.950014
0.950155
0.950296
0.950437
0.950577
0.950717
0.950857
0.950996
0.951136
0.951276
0.951415
0.951554
0.951692
0.951831
0.951969
0.952107
0.952245
0.952382
0.952520
0.952657
0.952794
0.952931
0.953067
0.953203
0.953339
0.953475
0.953611
0.953746
0.953882
0.954017
0.954151
0.954286
0.954421
0.954555
0.954689
0.954823
0.954956
0.955089
0.955222
0.955355
0.955488
0.955621
0.955753
0.955885
0.956017
0.956148
0.956280
0.956411
0.956542
0.956673
0.956804
0.956934
0.957064
0.957194
0.957324
0.957453
0.957582
0.957712
0.957841
0.957969
0.958098
0.958226
0.958354
0.958482
0.958610
0.958737
0.958864
0.958991
0.959118
0.959244
0.959371
0.959497
0.959623
0.959749
0.959874
0.959999
0.960125
0.960250
0.960375
0.960499
0.960623
0.960747
0.960871
0.960995
0.961118
0.961241
0.961364
0.961487
0.961610
0.961732
0.961855
0.961976
0.962098
0.962220
0.962341
0.962462
0.962583
0.962704
0.962825
0.962945
0.963065
0.963185
0.963305
0.963424
0.963544
0.963663
0.963781
0.963900
0.964019
0.964137
0.964255
0.964373
0.964491
0.964608
0.964725
0.964842
0.964959
0.965076
0.965192
0.965308
0.965424
0.965540
0.965656
0.965771
0.965886
0.966001
0.966116
0.966231
0.966345
0.966459
0.966573
0.966687
0.966800
0.966914
0.967027
0.967140
0.967252
0.967365
0.967477
0.967590
0.967702
0.967813
0.967925
0.968036
0.968147
0.968258
0.968368
0.968479
0.968589
0.968700
0.968809
0.968919
0.969029
0.969138
0.969247
0.969355
0.969464
0.969573
0.969681
0.969789
0.969897
0.970005
0.970112
0.970219
0.970326
0.970433
0.970540
0.970646
0.970752
0.970858
0.970964
0.971070
0.971175
0.971281
0.971385
0.971491
0.971595
0.971700
0.971804
0.971908
0.972012
0.972115
0.972218
0.972322
0.972425
0.972528
0.972630
0.972732
0.972835
0.972937
0.973039
0.973140
0.973242
0.973343
0.973444
0.973545
0.973646
0.973745
0.973846
0.973946
0.974046
0.974146
0.974245
0.974344
0.974443
0.974542
0.974640
0.974739
0.974837
0.974935
0.975033
0.975131
0.975228
0.975325
0.975422
0.975519
0.975616
0.975712
0.975808
0.975904
0.976000
0.976096
0.976191
0.976286
0.976381
0.976476
0.976571
0.976665
0.976760
0.976853
0.976947
0.977041
0.977134
0.977228
0.977321
0.977413
0.977506
0.977599
0.977691
0.977783
0.977875
0.977967
0.978058
0.978150
0.978241
0.978331
0.978422
0.978513
0.978603
0.978693
0.978783
0.978873
0.978962
0.979051
0.979141
0.979230
0.979318
0.979407
0.979495
0.979583
0.979671
0.979759
0.979846
0.979934
0.980021
0.980108
0.980195
0.980281
0.980368
0.980454
0.980540
0.980625
0.980711
0.980796
0.980881
0.980967
0.981051
0.981136
0.981221
0.981305
0.981389
0.981473
0.981556
0.981639
0.981723
0.981806
0.981889
0.981971
0.982054
0.982136
0.982218
0.982300
0.982382
0.982463
0.982545
0.982626
0.982706
0.982787
0.982868
0.982948
0.983028
0.983108
0.983188
0.983267
0.983347
0.983426
0.983505
0.983584
0.983663
0.983741
0.983819
0.983897
0.983975
0.984052
0.984130
0.984207
0.984284
0.984361
0.984437
0.984514
0.984590
0.984666
0.984743
0.984818
0.984894
0.984969
0.985044
0.985119
0.985194
0.985268
0.985343
0.985417
0.985491
0.985564
0.985638
0.985711
0.985784
0.985857
0.985930
0.986003
0.986075
0.986147
0.986219
0.986291
0.986363
0.986434
0.986506
0.986577
0.986648
0.986718
0.986789
0.986859
0.986929
0.986999
0.987069
0.987139
0.987208
0.987277
0.987346
0.987415
0.987483
0.987552
0.987620
0.987688
0.987756
0.987823
0.987891
0.987958
0.988025
0.988092
0.988159
0.988225
0.988291
0.988358
0.988423
0.988489
0.988555
0.988620
0.988685
0.988750
0.988815
0.988879
0.988944
0.989008
0.989072
0.989136
0.989200
0.989263
0.989326
0.989389
0.989452
0.989515
0.989577
0.989639
0.989701
0.989763
0.989825
0.989887
0.989948
0.990009
0.990070
0.990131
0.990192
0.990252
0.990312
0.990372
0.990432
0.990492
0.990551
0.990610
0.990669
0.990728
0.990787
0.990846
0.990904
0.990962
0.991020
0.991078
0.991136
0.991193
0.991250
0.991307
0.991364
0.991420
0.991477
0.991533
0.991589
0.991645
0.991700
0.991756
0.991811
0.991867
0.991921
0.991976
0.992031
0.992085
0.992139
0.992193
0.992247
0.992301
0.992354
0.992407
0.992460
0.992513
0.992566
0.992618
0.992671
0.992722
0.992774
0.992826
0.992877
0.992929
0.992980
0.993031
0.993082
0.993133
0.993183
0.993233
0.993283
0.993333
0.993383
0.993432
0.993481
0.993530
0.993579
0.993628
0.993677
0.993725
0.993773
0.993821
0.993869
0.993917
0.993964
0.994011
0.994058
0.994105
0.994152
0.994198
0.994244
0.994290
0.994336
0.994382
0.994427
0.994473
0.994518
0.994563
0.994608
0.994652
0.994697
0.994741
0.994785
0.994829
0.994873
0.994916
0.994959
0.995003
0.995045
0.995088
0.995131
0.995173
0.995215
0.995257
0.995299
0.995341
0.995382
0.995423
0.995464
0.995505
0.995546
0.995587
0.995627
0.995667
0.995707
0.995746
0.995786
0.995826
0.995864
0.995904
0.995943
0.995981
0.996020
0.996058
0.996096
0.996134
0.996172
0.996209
0.996246
0.996284
0.996321
0.996357
0.996394
0.996430
0.996467
0.996503
0.996538
0.996574
0.996609
0.996645
0.996680
0.996715
0.996750
0.996784
0.996819
0.996853
0.996887
0.996920
0.996954
0.996987
0.997021
0.997054
0.997087
0.997119
0.997152
0.997184
0.997216
0.997248
0.997280
0.997312
0.997343
0.997374
0.997405
0.997436
0.997467
0.997497
0.997528
0.997558
0.997588
0.997617
0.997647
0.997676
0.997705
0.997734
0.997763
0.997792
0.997820
0.997849
0.997877
0.997905
0.997932
0.997960
0.997987
0.998014
0.998041
0.998068
0.998094
0.998121
0.998147
0.998173
0.998199
0.998225
0.998250
0.998275
0.998300
0.998326
0.998350
0.998374
0.998399
0.998423
0.998447
0.998471
0.998495
0.998518
0.998541
0.998564
0.998587
0.998610
0.998632
0.998655
0.998677
0.998699
0.998721
0.998742
0.998764
0.998785
0.998806
0.998827
0.998848
0.998868
0.998889
0.998909
0.998928
0.998948
0.998968
0.998988
0.999007
0.999026
0.999044
0.999063
0.999082
0.999100
0.999118
0.999136
0.999153
0.999171
0.999188
0.999206
0.999223
0.999240
0.999256
0.999273
0.999289
0.999305
0.999321
0.999336
0.999352
0.999367
0.999382
0.999397
0.999412
0.999427
0.999441
0.999456
0.999470
0.999484
0.999497
0.999511
0.999524
0.999537
0.999550
0.999563
0.999575
0.999588
0.999600
0.999612
0.999624
0.999636
0.999647
0.999659
0.999669
0.999680
0.999691
0.999702
0.999712
0.999722
0.999732
0.999742
0.999752
0.999761
0.999771
0.999780
0.999788
0.999797
0.999806
0.999814
0.999822
0.999830
0.999838
0.999846
0.999853
0.999860
0.999867
0.999874
0.999881
0.999887
0.999894
0.999900
0.999906
0.999912
0.999917
0.999923
0.999928
0.999933
0.999938
0.999943
0.999947
0.999952
0.999955
0.999960
0.999963
0.999967
0.999970
0.999973
0.999976
0.999980
0.999982
0.999985
0.999987
0.999989
0.999991
0.999993
0.999994
0.999995
0.999997
0.999998
0.999999
0.999999
1.000000
1.000000
1.000000
1.000000
1.000000
0.999999
0.999999
0.999998
0.999997
0.999995
0.999994
0.999993
0.999991
0.999989
0.999987
0.999985
0.999982
0.999980
0.999976
0.999973
0.999970
0.999967
0.999963
0.999960
0.999955
0.999952
0.999947
0.999943
0.999938
0.999933
0.999928
0.999923
0.999917
0.999912
0.999906
0.999900
0.999894
0.999887
0.999881
0.999874
0.999867
0.999860
0.999853
0.999846
0.999838
0.999830
0.999822
0.999814
0.999806
0.999797
0.999788
0.999780
0.999771
0.999761
0.999752
0.999742
0.999732
0.999722
0.999712
0.999702
0.999691
0.999680
0.999669
0.999659
0.999647
0.999636
0.999624
0.999612
0.999600
0.999588
0.999575
0.999563
0.999550
0.999537
0.999524
0.999511
0.999497
0.999484
0.999470
0.999456
0.999441
0.999427
0.999412
0.999397
0.999382
0.999367
0.999352
0.999336
0.999321
0.999305
0.999289
0.999273
0.999256
0.999240
0.999223
0.999206
0.999188
0.999171
0.999153
0.999136
0.999118
0.999100
0.999082
0.999063
0.999044
0.999026
0.999007
0.998988
0.998968
0.998948
0.998928
0.998909
0.998889
0.998868
0.998848
0.998827
0.998806
0.998785
0.998764
0.998742
0.998721
0.998699
0.998677
0.998655
0.998632
0.998610
0.998587
0.998564
0.998541
0.998518
0.998495
0.998471
0.998447
0.998423
0.998399
0.998374
0.998350
0.998326
0.998300
0.998275
0.998250
0.998225
0.998199
0.998173
0.998147
0.998121
0.998094
0.998068
0.998041
0.998014
0.997987
0.997960
0.997932
0.997905
0.997877
0.997849
0.997820
0.997792
0.997763
0.997734
0.997705
0.997676
0.997647
0.997617
0.997588
0.997558
0.997528
0.997497
0.997467
0.997436
0.997405
0.997374
0.997343
0.997312
0.997280
0.997248
0.997216
0.997184
0.997152
0.997119
0.997087
0.997054
0.997021
0.996987
0.996954
0.996920
0.996887
0.996853
0.996819
0.996784
0.996750
0.996715
0.996680
0.996645
0.996609
0.996574
0.996538
0.996503
0.996467
0.996430
0.996394
0.996357
0.996321
0.996284
0.996246
0.996209
0.996172
0.996134
0.996096
0.996058
0.996020
0.995981
0.995943
0.995904
0.995864
0.995826
0.995786
0.995746
0.995707
0.995667
0.995627
0.995587
0.995546
0.995505
0.995464
0.995423
0.995382
0.995341
0.995299
0.995257
0.995215
0.995173
0.995131
0.995088
0.995045
0.995003
0.994959
0.994916
0.994873
0.994829
0.994785
0.994741
0.994697
0.994652
0.994608
0.994563
0.994518
0.994473
0.994427
0.994382
0.994336
0.994290
0.994244
0.994198
0.994152
0.994105
0.994058
0.994011
0.993964
0.993917
0.993869
0.993821
0.993773
0.993725
0.993677
0.993628
0.993579
0.993530
0.993481
0.993432
0.993383
0.993333
0.993283
0.993233
0.993183
0.993133
0.993082
0.993031
0.992980
0.992929
0.992877
0.992826
0.992774
0.992722
0.992671
0.992618
0.992566
0.992513
0.992460
0.992407
0.992354
0.992301
0.992247
0.992193
0.992139
0.992085
0.992031
0.991976
0.991921
0.991867
0.991811
0.991756
0.991700
0.991645
0.991589
0.991533
0.991477
0.991420
0.991364
0.991307
0.991250
0.991193
0.991136
0.991078
0.991020
0.990962
0.990904
0.990846
0.990787
0.990728
0.990669
0.990610
0.990551
0.990492
0.990432
0.990372
0.990312
0.990252
0.990192
0.990131
0.990070
0.990009
0.989948
0.989887
0.989825
0.989763
0.989701
0.989639
0.989577
0.989515
0.989452
0.989389
0.989326
0.989263
0.989200
0.989136
0.989072
0.989008
0.988944
0.988879
0.988815
0.988750
0.988685
0.988620
0.988555
0.988489
0.988423
0.988358
0.988291
0.988225
0.988159
0.988092
0.988025
0.987958
0.987891
0.987823
0.987756
0.987688
0.987620
0.987552
0.987483
0.987415
0.987346
0.987277
0.987208
0.987139
0.987069
0.986999
0.986929
0.986859
0.986789
0.986718
0.986648
0.986577
0.986506
0.986434
0.986363
0.986291
0.986219
0.986147
0.986075
0.986003
0.985930
0.985857
0.985784
0.985711
0.985638
0.985564
0.985491
0.985417
0.985343
0.985268
0.985194
0.985119
0.985044
0.984969
0.984894
0.984818
0.984743
0.984666
0.984590
0.984514
0.984437
0.984361
0.984284
0.984207
0.984130
0.984052
0.983975
0.983897
0.983819
0.983741
0.983663
0.983584
0.983505
0.983426
0.983347
0.983267
0.983188
0.983108
0.983028
0.982948
0.982868
0.982787
0.982706
0.982626
0.982545
0.982463
0.982382
0.982300
0.982218
0.982136
0.982054
0.981971
0.981889
0.981806
0.981723
0.981639
0.981556
0.981473
0.981389
0.981305
0.981221
0.981136
0.981051
0.980967
0.980881
0.980796
0.980711
0.980625
0.980540
0.980454
0.980368
0.980281
0.980195
0.980108
0.980021
0.979934
0.979846
0.979759
0.979671
0.979583
0.979495
0.979407
0.979318
0.979230
0.979141
0.979051
0.978962
0.978873
0.978783
0.978693
0.978603
0.978513
0.978422
0.978331
0.978241
0.978150
0.978058
0.977967
0.977875
0.977783
0.977691
0.977599
0.977506
0.977413
0.977321
0.977228
0.977134
0.977041
0.976947
0.976853
0.976760
0.976665
0.976571
0.976476
0.976381
0.976286
0.976191
0.976096
0.976000
0.975904
0.975808
0.975712
0.975616
0.975519
0.975422
0.975325
0.975228
0.975131
0.975033
0.974935
0.974837
0.974739
0.974640
0.974542
0.974443
0.974344
0.974245
0.974146
0.974046
0.973946
0.973846
0.973745
0.973646
0.973545
0.973444
0.973343
0.973242
0.973140
0.973039
0.972937
0.972835
0.972732
0.972630
0.972528
0.972425
0.972322
0.972218
0.972115
0.972012
0.971908
0.971804
0.971700
0.971595
0.971491
0.971385
0.971281
0.971175
0.971070
0.970964
0.970858
0.970752
0.970646
0.970540
0.970433
0.970326
0.970219
0.970112
0.970005
0.969897
0.969789
0.969681
0.969573
0.969464
0.969355
0.969247
0.969138
0.969029
0.968919
0.968809
0.968700
0.968589
0.968479
0.968368
0.968258
0.968147
0.968036
0.967925
0.967813
0.967702
0.967590
0.967477
0.967365
0.967252
0.967140
0.967027
0.966914
0.966800
0.966687
0.966573
0.966459
0.966345
0.966231
0.966116
0.966001
0.965886
0.965771
0.965656
0.965540
0.965424
0.965308
0.965192
0.965076
0.964959
0.964842
0.964725
0.964608
0.964491
0.964373
0.964255
0.964137
0.964019
0.963900
0.963781
0.963663
0.963544
0.963424
0.963305
0.963185
0.963065
0.962945
0.962825
0.962704
0.962583
0.962462
0.962341
0.962220
0.962098
0.961976
0.961855
0.961732
0.961610
0.961487
0.961364
0.961241
0.961118
0.960995
0.960871
0.960747
0.960623
0.960499
0.960375
0.960250
0.960125
0.959999
0.959874
0.959749
0.959623
0.959497
0.959371
0.959244
0.959118
0.958991
0.958864
0.958737
0.958610
0.958482
0.958354
0.958226
0.958098
0.957969
0.957841
0.957712
0.957582
0.957453
0.957324
0.957194
0.957064
0.956934
0.956804
0.956673
0.956542
0.956411
0.956280
0.956148
0.956017
0.955885
0.955753
0.955621
0.955488
0.955355
0.955222
0.955089
0.954956
0.954823
0.954689
0.954555
0.954421
0.954286
0.954151
0.954017
0.953882
0.953746
0.953611
0.953475
0.953339
0.953203
0.953067
0.952931
0.952794
0.952657
0.952520
0.952382
0.952245
0.952107
0.951969
0.951831
0.951692
0.951554
0.951415
0.951276
0.951136
0.950996
0.950857
0.950717
0.950577
0.950437
0.950296
0.950155
0.950014
0.949873
0.949731
0.949590
0.949448
0.949306
0.949163
0.949021
0.948878
0.948735
0.948592
0.948448
0.948304
0.948161
0.948016
0.947873
0.947728
0.947583
0.947438
0.947293
0.947147
0.947002
0.946856
0.946710
0.946564
0.946417
0.946271
0.946124
0.945977
0.945829
0.945682
0.945534
0.945386
0.945238
0.945089
0.944941
0.944792
0.944643
0.944494
0.944344
0.944194
0.944044
0.943894
0.943744
0.943593
0.943442
0.943291
0.943140
0.942988
0.942837
0.942685
0.942532
0.942380
0.942227
0.942074
0.941921
0.941768
0.941615
0.941461
0.941307
0.941153
0.940998
0.940844
0.940689
0.940534
0.940379
0.940223
0.940067
0.939912
0.939755
0.939599
0.939442
0.939285
0.939128
0.938971
0.938813
0.938656
0.938498
0.938339
0.938181
0.938022
0.937863
0.937704
0.937545
0.937385
0.937226
0.937066
0.936906
0.936745
0.936585
0.936424
0.936262
0.936101
0.935940
0.935778
0.935616
0.935454
0.935291
0.935128
0.934965
0.934802
0.934639
0.934476
0.934312
0.934148
0.933983
0.933819
0.933654
0.933489
0.933324
0.933159
0.932993
0.932827
0.932661
0.932494
0.932328
0.932161
0.931994
0.931827
0.931659
0.931492
0.931324
0.931155
0.930987
0.930819
0.930650
0.930480
0.930311
0.930142
0.929972
0.929802
0.929632
0.929461
0.929290
0.929120
0.928948
0.928777
0.928605
0.928433
0.928261
0.928089
0.927917
0.927743
0.927571
0.927398
0.927224
0.927050
0.926876
0.926702
0.926528
0.926353
0.926178
0.926003
0.925828
0.925652
0.925476
0.925300
0.925124
0.924948
0.924771
0.924594
0.924416
0.924239
0.924061
0.923884
0.923705
0.923527
0.923348
0.923169
0.922990
0.922811
0.922631
0.922452
0.922272
0.922091
0.921911
0.921730
0.921549
0.921368
0.921186
0.921005
0.920823
0.920641
0.920458
0.920276
0.920093
0.919910
0.919726
0.919543
0.919358
0.919175
0.918990
0.918806
0.918621
0.918436
0.918251
0.918065
0.917879
0.917693
0.917507
0.917321
0.917134
0.916947
0.916760
0.916573
0.916385
0.916197
0.916009
0.915820
0.915632
0.915443
0.915254
0.915064
0.914875
0.914685
0.914495
0.914305
0.914114
0.913923
0.913732
0.913541
0.913349
0.913158
0.912965
0.912773
0.912581
0.912388
0.912195
0.912002
0.911808
0.911614
0.911420
0.911226
0.911032
0.910837
0.910642
0.910447
0.910251
0.910055
0.909860
0.909663
0.909467
0.909270
0.909073
0.908876
0.908679
0.908481
0.908283
0.908085
0.907887
0.907688
0.907489
0.907290
0.907090
0.906891
0.906691
0.906491
0.906290
0.906090
0.905889
0.905688
0.905486
0.905284
0.905083
0.904880
0.904678
0.904475
0.904273
0.904070
0.903866
0.903662
0.903458
0.903254
0.903050
0.902845
0.902641
0.902435
0.902230
0.902024
0.901818
0.901612
0.901406
0.901199
0.900992
0.900785
0.900577
0.900370
0.900162
0.899954
0.899745
0.899537
0.899328
0.899118
0.898909
0.898699
0.898489
0.898279
0.898069
0.897857
0.897647
0.897435
0.897224
0.897012
0.896800
0.896588
0.896376
0.896163
0.895949
0.895736
0.895523
0.895309
0.895095
0.894880
0.894665
0.894451
0.894236
0.894020
0.893805
0.893589
0.893373
0.893156
0.892940
0.892723
0.892506
0.892288
0.892070
0.891852
0.891634
0.891416
0.891197
0.890978
0.890758
0.890539
0.890319
0.890099
0.889878
0.889658
0.889437
0.889216
0.888995
0.888773
0.888551
0.888329
0.888106
0.887884
0.887661
0.887438
0.887214
0.886990
0.886766
0.886542
0.886318
0.886092
0.885868
0.885642
0.885417
0.885190
0.884965
0.884738
0.884511
0.884284
0.884057
0.883830
0.883602
0.883374
0.883145
0.882917
0.882688
0.882459
0.882230
0.882000
0.881770
0.881540
0.881310
0.881079
0.880848
0.880617
0.880385
0.880153
0.879921
0.879689
0.879456
0.879223
0.878990
0.878757
0.878523
0.878289
0.878055
0.877820
0.877586
0.877350
0.877115
0.876880
0.876644
0.876407
0.876171
0.875934
0.875697
0.875460
0.875222
0.874984
0.874746
0.874508
0.874269
0.874030
0.873791
0.873552
0.873312
0.873072
0.872832
0.872591
0.872350
0.872109
0.871868
0.871626
0.871384
0.871142
0.870899
0.870657
0.870413
0.870170
0.869926
0.869682
0.869438
0.869193
0.868949
0.868704
0.868459
0.868213
0.867967
0.867720
0.867474
0.867227
0.866981
0.866733
0.866485
0.866238
0.865989
0.865741
0.865492
0.865243
0.864994
0.864744
0.864494
0.864244
0.863994
0.863743
0.863492
0.863241
0.862989
0.862737
0.862485
0.862233
0.861980
0.861727
0.861474
0.861220
0.860966
0.860712
0.860457
0.860202
0.859947
0.859692
0.859437
0.859180
0.858924
0.858668
0.858411
0.858154
0.857897
0.857639
0.857381
0.857123
0.856864
0.856605
0.856346
0.856087
0.855827
0.855567
0.855307
0.855046
0.854785
0.854524
0.854262
0.854001
0.853739
0.853476
0.853214
0.852950
0.852687
0.852424
0.852160
0.851896
0.851631
0.851367
0.851101
0.850836
0.850570
0.850305
0.850038
0.849772
0.849505
0.849237
0.848970
0.848703
0.848434
0.848166
0.847898
0.847628
0.847359
0.847090
0.846820
0.846550
0.846279
0.846008
0.845737
0.845466
0.845195
0.844922
0.844650
0.844378
0.844105
0.843831
0.843558
0.843284
0.843010
0.842735
0.842461
0.842186
0.841910
0.841635
0.841359
0.841083
0.840806
0.840529
0.840252
0.839974
0.839696
0.839419
0.839140
0.838861
0.838582
0.838302
0.838023
0.837743
0.837463
0.837182
0.836901
0.836620
0.836339
0.836057
0.835775
0.835492
0.835209
0.834926
0.834642
0.834359
0.834075
0.833790
0.833506
0.833221
0.832935
0.832650
0.832363
0.832078
0.831791
0.831504
0.831217
0.830929
0.830641
0.830353
0.830064
0.829776
0.829487
0.829197
0.828907
0.828617
0.828327
0.828036
0.827745
0.827453
0.827162
0.826869
0.826578
0.826284
0.825992
0.825698
0.825404
0.825110
0.824816
0.824522
0.824227
0.823932
0.823636
0.823340
0.823043
0.822747
0.822450
0.822153
0.821855
0.821557
0.821259
0.820961
0.820661
0.820362
0.820063
0.819763
0.819463
0.819162
0.818861
0.818560
0.818258
0.817957
0.817654
0.817352
0.817049
0.816746
0.816442
0.816138
0.815834
0.815529
0.815224
0.814919
0.814613
0.814308
0.814002
0.813695
0.813388
0.813081
0.812773
0.812465
0.812157
0.811849
0.811540
0.811230
0.810921
0.810611
0.810300
0.809990
0.809679
0.809367
0.809056
0.808744
0.808431
0.808118
0.807805
0.807492
0.807178
0.806864
0.806550
0.806235
0.805920
0.805604
0.805289
0.804972
0.804656
0.804339
0.804022
0.803704
0.803386
0.803068
0.802750
0.802431
0.802111
0.801792
0.801472
0.801151
0.800830
0.800509
0.800188
0.799866
0.799544
0.799222
0.798899
0.798576
0.798252
0.797928
0.797604
0.797280
0.796955
0.796629
0.796304
0.795977
0.795651
0.795324
0.794997
0.794670
0.794342
0.794014
0.793685
0.793356
0.793027
0.792697
0.792367
0.792037
0.791706
0.791375
0.791044
0.790712
0.790379
0.790047
0.789714
0.789381
0.789047
0.788713
0.788379
0.788044
0.787709
0.787374
0.787038
0.786702
0.786365
0.786028
0.785690
0.785353
0.785015
0.784677
0.784338
0.783999
0.783659
0.783319
0.782979
0.782638
0.782297
0.781956
0.781614
0.781272
0.780929
0.780586
0.780243
0.779900
0.779555
0.779211
0.778866
0.778521
0.778176
0.777829
0.777483
0.777137
0.776789
0.776442
0.776094
0.775746
0.775397
0.775048
0.774699
0.774349
0.773999
0.773648
0.773297
0.772946
0.772595
0.772242
0.771890
0.771537
0.771184
0.770830
0.770476
0.770122
0.769767
0.769411
0.769056
0.768700
0.768344
0.767986
0.767630
0.767272
0.766914
0.766556
0.766197
0.765838
0.765478
0.765118
0.764758
0.764397
0.764036
0.763675
0.763313
0.762950
0.762588
0.762225
0.761861
0.761497
0.761133
0.760768
0.760403
0.760037
0.759671
0.759306
0.758938
0.758571
0.758204
0.757836
0.757468
0.757099
0.756730
0.756360
0.755990
0.755620
0.755249
0.754878
0.754506
0.754134
0.753762
0.753389
0.753016
0.752642
0.752267
0.751893
0.751518
0.751143
0.750767
0.750391
0.750014
0.749638
0.749260
0.748882
0.748504
0.748125
0.747746
0.747366
0.746987
0.746606
0.746226
0.745844
0.745462
0.745080
0.744698
0.744315
0.743932
0.743548
0.743163
0.742779
0.742394
0.742008
0.741623
0.741236
0.740849
0.740462
0.740075
0.739687
0.739298
0.738909
0.738520
0.738130
0.737740
0.737350
0.736958
0.736567
0.736175
0.735782
0.735389
0.734996
0.734603
0.734208
0.733814
0.733419
0.733023
0.732627
0.732231
0.731835
0.731438
0.731039
0.730642
0.730243
0.729844
0.729444
0.729045
0.728644
0.728243
0.727842
0.727440
0.727038
0.726635
0.726232
0.725829
0.725425
0.725021
0.724616
0.724210
0.723805
0.723399
0.722992
0.722584
0.722177
0.721769
0.721360
0.720952
0.720542
0.720132
0.719722
0.719311
0.718900
0.718488
0.718076
0.717663
0.717250
0.716837
0.716422
0.716008
0.715592
0.715177
0.714761
0.714344
0.713928
0.713510
0.713093
0.712674
0.712256
0.711836
0.711417
0.710996
0.710576
0.710155
0.709733
0.709311
0.708889
0.708465
0.708042
0.707618
0.707194
0.706768
0.706343
0.705917
0.705490
0.705064
0.704637
0.704209
0.703780
0.703351
0.702921
0.702492
0.702061
0.701631
0.701199
0.700768
0.700335
0.699903
0.699470
0.699036
0.698601
0.698167
0.697731
0.697296
0.696859
0.696423
0.695985
0.695548
0.695110
0.694671
0.694231
0.693792
0.693351
0.692910
0.692469
0.692028
0.691586
0.691143
0.690699
0.690255
0.689811
0.689367
0.688921
0.688475
0.688029
0.687582
0.687135
0.686687
0.686239
0.685790
0.685340
0.684890
0.684440
0.683989
0.683537
0.683085
0.682633
0.682179
0.681726
0.681272
0.680817
0.680362
0.679906
0.679450
0.678993
0.678536
0.678078
0.677619
0.677161
0.676701
0.676241
0.675781
0.675320
0.674858
0.674396
0.673933
0.673470
0.673007
0.672542
0.672078
0.671612
0.671146
0.670680
0.670213
0.669745
0.669278
0.668809
0.668340
0.667870
0.667399
0.666929
0.666457
0.665986
0.665513
0.665040
0.664566
0.664092
0.663617
0.663142
0.662666
0.662190
0.661713
0.661235
0.660758
0.660279
0.659800
0.659320
0.658840
0.658359
0.657877
0.657396
0.656913
0.656430
0.655946
0.655462
0.654977
0.654491
0.654006
0.653519
0.653032
0.652544
0.652056
0.651567
0.651078
0.650587
0.650097
0.649605
0.649114
0.648622
0.648128
0.647635
0.647141
0.646646
0.646151
0.645654
0.645158
0.644661
0.644163
0.643665
0.643166
0.642666
0.642167
0.641666
0.641165
0.640663
0.640160
0.639657
0.639154
0.638649
0.638144
0.637639
0.637133
0.636626
0.636119
0.635611
0.635102
0.634593
0.634083
0.633572
0.633062
0.632550
0.632038
0.631525
0.631011
0.630497
0.629982
0.629467
0.628951
0.628435
0.627917
0.627399
0.626880
0.626362
0.625842
0.625322
0.624800
0.624279
0.623756
0.623234
0.622710
0.622186
0.621660
0.621135
0.620609
0.620082
0.619555
0.619026
0.618498
0.617968
0.617438
0.616907
0.616376
0.615844
0.615311
0.614778
0.614245
0.613710
0.613174
0.612638
0.612102
0.611565
0.611026
0.610488
0.609948
0.609408
0.608868
0.608327
0.607785
0.607242
0.606699
0.606155
0.605610
0.605065
0.604518
0.603972
0.603424
0.602877
0.602328
0.601779
0.601229
0.600677
0.600126
0.599574
0.599021
0.598467
0.597913
0.597358
0.596802
0.596246
0.595689
0.595131
0.594573
0.594014
0.593454
0.592893
0.592332
0.591770
0.591207
0.590644
0.590080
0.589515
0.588950
0.588383
0.587816
0.587248
0.586680
0.586111
0.585541
0.584970
0.584398
0.583827
0.583254
0.582681
0.582106
0.581531
0.580955
0.580379
0.579802
0.579224
0.578646
0.578065
0.577486
0.576904
0.576323
0.575741
0.575158
0.574574
0.573988
0.573403
0.572817
0.572230
0.571643
0.571054
0.570465
0.569874
0.569284
0.568693
0.568100
0.567507
0.566913
0.566319
0.565724
0.565127
0.564530
0.563932
0.563334
0.562734
0.562134
0.561534
0.560932
0.560329
0.559727
0.559123
0.558518
0.557912
0.557306
0.556699
0.556090
0.555482
0.554872
0.554262
0.553650
0.553038
0.552426
0.551812
0.551198
0.550582
0.549966
0.549349
0.548731
0.548113
0.547494
0.546874
0.546252
0.545630
0.545007
0.544385
0.543759
0.543134
0.542509
0.541881
0.541254
0.540625
0.539996
0.539366
0.538735
0.538103
0.537469
0.536836
0.536201
0.535567
0.534930
0.534293
0.533654
0.533016
0.532377
0.531736
0.531095
0.530452
0.529809
0.529165
0.528520
0.527875
0.527227
0.526580
0.525931
0.525282
0.524631
0.523980
0.523328
0.522676
0.522022
0.521367
0.520711
0.520055
0.519397
0.518739
0.518080
0.517419
0.516758
0.516097
0.515433
0.514769
0.514104
0.513438
0.512772
0.512104
0.511436
0.510766
0.510096
0.509425
0.508752
0.508080
0.507406
0.506730
0.506054
0.505377
0.504699
0.504021
0.503341
0.502659
0.501978
0.501295
0.500611
0.499927
0.499241
0.498555
0.497867
0.497178
0.496489
0.495799
0.495106
0.494414
0.493721
0.493027
0.492331
0.491634
0.490937
0.490238
0.489539
0.488839
0.488136
0.487434
0.486731
0.486026
0.485320
0.484614
0.483906
0.483198
0.482488
0.481778
0.481065
0.480353
0.479638
0.478924
0.478208
0.477491
0.476773
0.476054
0.475334
0.474613
0.473890
0.473167
0.472442
0.471718
0.470991
0.470263
0.469535
0.468805
0.468075
0.467342
0.466610
0.465876
0.465141
0.464404
0.463666
0.462928
0.462188
0.461448
0.460706
0.459964
0.459219
0.458475
0.457728
0.456981
0.456233
0.455483
0.454733
0.453980
0.453227
0.452473
0.451717
0.450962
0.450204
0.449446
0.448686
0.447925
0.447162
0.446399
0.445634
0.444868
0.444102
0.443333
0.442565
0.441794
0.441022
0.440249
0.439475
0.438700
0.437924
0.437147
0.436367
0.435588
0.434806
0.434025
0.433241
0.432455
0.431669
0.430882
0.430094
0.429304
0.428513
0.427720
0.426928
0.426132
0.425337
0.424539
0.423741
0.422941
0.422140
0.421338
0.420534
0.419730
0.418923
0.418116
0.417307
0.416498
0.415686
0.414873
0.414059
0.413244
0.412428
0.411610
0.410791
0.409971
0.409149
0.408326
0.407501
0.406676
0.405849
0.405020
0.404190
0.403359
0.402527
0.401693
0.400859
0.400021
0.399184
0.398344
0.397504
0.396661
0.395818
0.394974
0.394128
0.393280
0.392431
0.391581
0.390728
0.389875
0.389021
0.388164
0.387307
0.386448
0.385587
0.384727
0.383863
0.382998
0.382132
0.381265
0.380395
0.379524
0.378653
0.377779
0.376904
0.376027
0.375150
0.374270
0.373389
0.372507
0.371624
0.370739
0.369850
0.368962
0.368072
0.367181
0.366287
0.365394
0.364497
0.363600
0.362700
0.361799
0.360898
0.359994
0.359088
0.358181
0.357273
0.356363
0.355450
0.354537
0.353623
0.352705
0.351788
0.350867
0.349945
0.349023
0.348098
0.347172
0.346244
0.345314
0.344383
0.343450
0.342516
0.341579
0.340641
0.339702
0.338760
0.337818
0.336872
0.335926
0.334979
0.334028
0.333077
0.332123
0.331168
0.330212
0.329253
0.328293
0.327332
0.326367
0.325402
0.324435
0.323466
0.322494
0.321522
0.320547
0.319571
0.318594
0.317614
0.316632
0.315649
0.314663
0.313677
0.312688
0.311696
0.310703
0.309709
0.308712
0.307714
0.306713
0.305712
0.304708
0.303703
0.302695
0.301685
0.300673
0.299659
0.298644
0.297626
0.296607
0.295586
0.294563
0.293538
0.292510
0.291481
0.290451
0.289416
0.288382
0.287344
0.286304
0.285264
0.284220
0.283175
0.282127
0.281077
0.280027
0.278974
0.277918
0.276859
0.275799
0.274737
0.273674
0.272608
0.271539
0.270469
0.269395
0.268321
0.267244
0.266166
0.265084
0.264000
0.262915
0.261827
0.260737
0.259644
0.258550
0.257453
0.256354
0.255253
0.254150
0.253044
0.251937
0.250827
0.249713
0.248599
0.247482
0.246362
0.245241
0.244116
0.242990
0.241860
0.240730
0.239596
0.238460
0.237321
0.236182
0.235038
0.233892
0.232744
0.231594
0.230441
0.229285
0.228128
0.226967
0.225805
0.224638
0.223471
0.222301
0.221127
0.219952
0.218775
0.217593
0.216411
0.215224
0.214037
0.212845
0.211653
0.210456
0.209256
0.208054
0.206852
0.205645
0.204435
0.203222
0.202007
0.200790
0.199569
0.198346
0.197120
0.195892
0.194661
0.193427
0.192190
0.190951
0.189707
0.188462
0.187214
0.185962
0.184709
0.183453
0.182192
0.180930
0.179663
0.178396
0.177123
0.175850
0.174572
0.173290
0.172008
0.170721
0.169431
0.168140
0.166844
0.165545
0.164243
0.162938
0.161630
0.160320
0.159006
0.157689
0.156368
0.155044
0.153717
0.152387
0.151052
0.149716
0.148376
0.147033
0.145687
0.144338
0.142983
0.141627
0.140268
0.138906
0.137538
0.136168
0.134794
0.133418
0.132038
0.130653
0.129267
0.127875
0.126482
0.125083
0.123683
0.122277
0.120870
0.119457
0.118040
0.116622
0.115199
0.113773
0.112342
0.110908
0.109469
0.108029
0.106583
0.105134
0.103680
0.102225
0.100764
0.099299
0.097830
0.096358
0.094881
0.093401
0.091916
0.090430
0.088938
0.087442
0.085941
0.084437
0.082929
0.081416
0.079899
0.078379
0.076854
0.075325
0.073791
0.072251
0.070709
0.069163
0.067613
0.066058
0.064499
0.062936
0.061368
0.059796
0.058217
0.056636
0.055050
0.053460
0.051865
0.050263
0.048660
0.047051
0.045438
0.043820
0.042195
0.040568
0.038936
0.037299
0.035655
0.034009
0.032357
0.030698
0.029037
0.027371
0.025700
0.024021
0.022340
0.020654
0.018960
0.017263
0.015562
0.013855
0.012140
0.010422
0.008700
0.006969
0.005236
0.003497
0.001750
0.000000
-0.001750
-0.003497
-0.005236
-0.006969
-0.008700
-0.010422
-0.012140
-0.013855
-0.015562
-0.017263
-0.018960
-0.020654
-0.022340
-0.024021
-0.025700
-0.027371
-0.029037
-0.030698
-0.032357
-0.034009
-0.035655
-0.037299
-0.038936
-0.040568
-0.042195
-0.043820
-0.045438
-0.047051
-0.048660
-0.050263
-0.051865
-0.053460
-0.055050
-0.056636
-0.058217
-0.059796
-0.061368
-0.062936
-0.064499
-0.066058
-0.067613
-0.069163
-0.070709
-0.072251
-0.073791
-0.075325
-0.076854
-0.078379
-0.079899
-0.081416
-0.082929
-0.084437
-0.085941
-0.087442
-0.088938
-0.090430
-0.091916
-0.093401
-0.094881
-0.096358
-0.097830
-0.099299
-0.100764
-0.102225
-0.103680
-0.105134
-0.106583
-0.108029
-0.109469
-0.110908
-0.112342
-0.113773
-0.115199
-0.116622
-0.118040
-0.119457
-0.120870
-0.122277
-0.123683
-0.125083
-0.126482
-0.127875
-0.129267
-0.130653
-0.132038
-0.133418
-0.134794
-0.136168
-0.137538
-0.138906
-0.140268
-0.141627
-0.142983
-0.144338
-0.145687
-0.147033
-0.148376
-0.149716
-0.151052
-0.152387
-0.153717
-0.155044
-0.156368
-0.157689
-0.159006
-0.160320
-0.161630
-0.162938
-0.164243
-0.165545
-0.166844
-0.168140
-0.169431
-0.170721
-0.172008
-0.173290
-0.174572
-0.175850
-0.177123
-0.178396
-0.179663
-0.180930
-0.182192
-0.183453
-0.184709
-0.185962
-0.187214
-0.188462
-0.189707
-0.190951
-0.192190
-0.193427
-0.194661
-0.195892
-0.197120
-0.198346
-0.199569
-0.200790
-0.202007
-0.203222
-0.204435
-0.205645
-0.206852
-0.208054
-0.209256
-0.210456
-0.211653
-0.212845
-0.214037
-0.215224
-0.216411
-0.217593
-0.218775
-0.219952
-0.221127
-0.222301
-0.223471
-0.224638
-0.225805
-0.226967
-0.228128
-0.229285
-0.230441
-0.231594
-0.232744
-0.233892
-0.235038
-0.236182
-0.237321
-0.238460
-0.239596
-0.240730
-0.241860
-0.242990
-0.244116
-0.245241
-0.246362
-0.247482
-0.248599
-0.249713
-0.250827
-0.251937
-0.253044
-0.254150
-0.255253
-0.256354
-0.257453
-0.258550
-0.259644
-0.260737
-0.261827
-0.262915
-0.264000
-0.265084
-0.266166
-0.267244
-0.268321
-0.269395
-0.270469
-0.271539
-0.272608
-0.273674
-0.274737
-0.275799
-0.276859
-0.277918
-0.278974
-0.280027
-0.281077
-0.282127
-0.283175
-0.284220
-0.285264
-0.286304
-0.287344
-0.288382
-0.289416
-0.290451
-0.291481
-0.292510
-0.293538
-0.294563
-0.295586
-0.296607
-0.297626
-0.298644
-0.299659
-0.300673
-0.301685
-0.302695
-0.303703
-0.304708
-0.305712
-0.306713
-0.307714
-0.308712
-0.309709
-0.310703
-0.311696
-0.312688
-0.313677
-0.314663
-0.315649
-0.316632
-0.317614
-0.318594
-0.319571
-0.320547
-0.321522
-0.322494
-0.323466
-0.324435
-0.325402
-0.326367
-0.327332
-0.328293
-0.329253
-0.330212
-0.331168
-0.332123
-0.333077
-0.334028
-0.334979
-0.335926
-0.336872
-0.337818
-0.338760
-0.339702
-0.340641
-0.341579
-0.342516
-0.343450
-0.344383
-0.345314
-0.346244
-0.347172
-0.348098
-0.349023
-0.349945
-0.350867
-0.351788
-0.352705
-0.353623
-0.354537
-0.355450
-0.356363
-0.357273
-0.358181
-0.359088
-0.359994
-0.360898
-0.361799
-0.362700
-0.363600
-0.364497
-0.365394
-0.366287
-0.367181
-0.368072
-0.368962
-0.369850
-0.370739
-0.371624
-0.372507
-0.373389
-0.374270
-0.375150
-0.376027
-0.376904
-0.377779
-0.378653
-0.379524
-0.380395
-0.381265
-0.382132
-0.382998
-0.383863
-0.384727
-0.385587
-0.386448
-0.387307
-0.388164
-0.389021
-0.389875
-0.390728
-0.391581
-0.392431
-0.393280
-0.394128
-0.394974
-0.395818
-0.396661
-0.397504
-0.398344
-0.399184
-0.400021
-0.400859
-0.401693
-0.402527
-0.403359
-0.404190
-0.405020
-0.405849
-0.406676
-0.407501
-0.408326
-0.409149
-0.409971
-0.410791
-0.411610
-0.412428
-0.413244
-0.414059
-0.414873
-0.415686
-0.416498
-0.417307
-0.418116
-0.418923
-0.419730
-0.420534
-0.421338
-0.422140
-0.422941
-0.423741
-0.424539
-0.425337
-0.426132
-0.426928
-0.427720
-0.428513
-0.429304
-0.430094
-0.430882
-0.431669
-0.432455
-0.433241
-0.434025
-0.434806
-0.435588
-0.436367
-0.437147
-0.437924
-0.438700
-0.439475
-0.440249
-0.441022
-0.441794
-0.442565
-0.443333
-0.444102
-0.444868
-0.445634
-0.446399
-0.447162
-0.447925
-0.448686
-0.449446
-0.450204
-0.450962
-0.451717
-0.452473
-0.453227
-0.453980
-0.454733
-0.455483
-0.456233
-0.456981
-0.457728
-0.458475
-0.459219
-0.459964
-0.460706
-0.461448
-0.462188
-0.462928
-0.463666
-0.464404
-0.465141
-0.465876
-0.466610
-0.467342
-0.468075
-0.468805
-0.469535
-0.470263
-0.470991
-0.471718
-0.472442
-0.473167
-0.473890
-0.474613
-0.475334
-0.476054
-0.476773
-0.477491
-0.478208
-0.478924
-0.479638
-0.480353
-0.481065
-0.481778
-0.482488
-0.483198
-0.483906
-0.484614
-0.485320
-0.486026
-0.486731
-0.487434
-0.488136
-0.488839
-0.489539
-0.490238
-0.490937
-0.491634
-0.492331
-0.493027
-0.493721
-0.494414
-0.495106
-0.495799
-0.496489
-0.497178
-0.497867
-0.498555
-0.499241
-0.499927
-0.500611
-0.501295
-0.501978
-0.502659
-0.503341
-0.504021
-0.504699
-0.505377
-0.506054
-0.506730
-0.507406
-0.508080
-0.508752
-0.509425
-0.510096
-0.510766
-0.511436
-0.512104
-0.512772
-0.513438
-0.514104
-0.514769
-0.515433
-0.516097
-0.516758
-0.517419
-0.518080
-0.518739
-0.519397
-0.520055
-0.520711
-0.521367
-0.522022
-0.522676
-0.523328
-0.523980
-0.524631
-0.525282
-0.525931
-0.526580
-0.527227
-0.527875
-0.528520
-0.529165
-0.529809
-0.530452
-0.531095
-0.531736
-0.532377
-0.533016
-0.533654
-0.534293
-0.534930
-0.535567
-0.536201
-0.536836
-0.537469
-0.538103
-0.538735
-0.539366
-0.539996
-0.540625
-0.541254
-0.541881
-0.542509
-0.543134
-0.543759
-0.544385
-0.545007
-0.545630
-0.546252
-0.546874
-0.547494
-0.548113
-0.548731
-0.549349
-0.549966
-0.550582
-0.551198
-0.551812
-0.552426
-0.553038
-0.553650
-0.554262
-0.554872
-0.555482
-0.556090
-0.556699
-0.557306
-0.557912
-0.558518
-0.559123
-0.559727
-0.560329
-0.560932
-0.561534
-0.562134
-0.562734
-0.563334
-0.563932
-0.564530
-0.565127
-0.565724
-0.566319
-0.566913
-0.567507
-0.568100
-0.568693
-0.569284
-0.569874
-0.570465
-0.571054
-0.571643
-0.572230
-0.572817
-0.573403
-0.573988
-0.574574
-0.575158
-0.575741
-0.576323
-0.576904
-0.577486
-0.578065
-0.578646
-0.579224
-0.579802
-0.580379
-0.580955
-0.581531
-0.582106
-0.582681
-0.583254
-0.583827
-0.584398
-0.584970
-0.585541
-0.586111
-0.586680
-0.587248
-0.587816
-0.588383
-0.588950
-0.589515
-0.590080
-0.590644
-0.591207
-0.591770
-0.592332
-0.592893
-0.593454
-0.594014
-0.594573
-0.595131
-0.595689
-0.596246
-0.596802
-0.597358
-0.597913
-0.598467
-0.599021
-0.599574
-0.600126
-0.600677
-0.601229
-0.601779
-0.602328
-0.602877
-0.603424
-0.603972
-0.604518
-0.605065
-0.605610
-0.606155
-0.606699
-0.607242
-0.607785
-0.608327
-0.608868
-0.609408
-0.609948
-0.610488
-0.611026
-0.611565
-0.612102
-0.612638
-0.613174
-0.613710
-0.614245
-0.614778
-0.615311
-0.615844
-0.616376
-0.616907
-0.617438
-0.617968
-0.618498
-0.619026
-0.619555
-0.620082
-0.620609
-0.621135
-0.621660
-0.622186
-0.622710
-0.623234
-0.623756
-0.624279
-0.624800
-0.625322
-0.625842
-0.626362
-0.626880
-0.627399
-0.627917
-0.628435
-0.628951
-0.629467
-0.629982
-0.630497
-0.631011
-0.631525
-0.632038
-0.632550
-0.633062
-0.633572
-0.634083
-0.634593
-0.635102
-0.635611
-0.636119
-0.636626
-0.637133
-0.637639
-0.638144
-0.638649
-0.639154
-0.639657
-0.640160
-0.640663
-0.641165
-0.641666
-0.642167
-0.642666
-0.643166
-0.643665
-0.644163
-0.644661
-0.645158
-0.645654
-0.646151
-0.646646
-0.647141
-0.647635
-0.648128
-0.648622
-0.649114
-0.649605
-0.650097
-0.650587
-0.651078
-0.651567
-0.652056
-0.652544
-0.653032
-0.653519
-0.654006
-0.654491
-0.654977
-0.655462
-0.655946
-0.656430
-0.656913
-0.657396
-0.657877
-0.658359
-0.658840
-0.659320
-0.659800
-0.660279
-0.660758
-0.661235
-0.661713
-0.662190
-0.662666
-0.663142
-0.663617
-0.664092
-0.664566
-0.665040
-0.665513
-0.665986
-0.666457
-0.666929
-0.667399
-0.667870
-0.668340
-0.668809
-0.669278
-0.669745
-0.670213
-0.670680
-0.671146
-0.671612
-0.672078
-0.672542
-0.673007
-0.673470
-0.673933
-0.674396
-0.674858
-0.675320
-0.675781
-0.676241
-0.676701
-0.677161
-0.677619
-0.678078
-0.678536
-0.678993
-0.679450
-0.679906
-0.680362
-0.680817
-0.681272
-0.681726
-0.682179
-0.682633
-0.683085
-0.683537
-0.683989
-0.684440
-0.684890
-0.685340
-0.685790
-0.686239
-0.686687
-0.687135
-0.687582
-0.688029
-0.688475
-0.688921
-0.689367
-0.689811
-0.690255
-0.690699
-0.691143
-0.691586
-0.692028
-0.692469
-0.692910
-0.693351
-0.693792
-0.694231
-0.694671
-0.695110
-0.695548
-0.695985
-0.696423
-0.696859
-0.697296
-0.697731
-0.698167
-0.698601
-0.699036
-0.699470
-0.699903
-0.700335
-0.700768
-0.701199
-0.701631
-0.702061
-0.702492
-0.702921
-0.703351
-0.703780
-0.704209
-0.704637
-0.705064
-0.705490
-0.705917
-0.706343
-0.706768
-0.707194
-0.707618
-0.708042
-0.708465
-0.708889
-0.709311
-0.709733
-0.710155
-0.710576
-0.710996
-0.711417
-0.711836
-0.712256
-0.712674
-0.713093
-0.713510
-0.713928
-0.714344
-0.714761
-0.715177
-0.715592
-0.716008
-0.716422
-0.716837
-0.717250
-0.717663
-0.718076
-0.718488
-0.718900
-0.719311
-0.719722
-0.720132
-0.720542
-0.720952
-0.721360
-0.721769
-0.722177
-0.722584
-0.722992
-0.723399
-0.723805
-0.724210
-0.724616
-0.725021
-0.725425
-0.725829
-0.726232
-0.726635
-0.727038
-0.727440
-0.727842
-0.728243
-0.728644
-0.729045
-0.729444
-0.729844
-0.730243
-0.730642
-0.731039
-0.731438
-0.731835
-0.732231
-0.732627
-0.733023
-0.733419
-0.733814
-0.734208
-0.734603
-0.734996
-0.735389
-0.735782
-0.736175
-0.736567
-0.736958
-0.737350
-0.737740
-0.738130
-0.738520
-0.738909
-0.739298
-0.739687
-0.740075
-0.740462
-0.740849
-0.741236
-0.741623
-0.742008
-0.742394
-0.742779
-0.743163
-0.743548
-0.743932
-0.744315
-0.744698
-0.745080
-0.745462
-0.745844
-0.746226
-0.746606
-0.746987
-0.747366
-0.747746
-0.748125
-0.748504
-0.748882
-0.749260
-0.749638
-0.750014
-0.750391
-0.750767
-0.751143
-0.751518
-0.751893
-0.752267
-0.752642
-0.753016
-0.753389
-0.753762
-0.754134
-0.754506
-0.754878
-0.755249
-0.755620
-0.755990
-0.756360
-0.756730
-0.757099
-0.757468
-0.757836
-0.758204
-0.758571
-0.758938
-0.759306
-0.759671
-0.760037
-0.760403
-0.760768
-0.761133
-0.761497
-0.761861
-0.762225
-0.762588
-0.762950
-0.763313
-0.763675
-0.764036
-0.764397
-0.764758
-0.765118
-0.765478
-0.765838
-0.766197
-0.766556
-0.766914
-0.767272
-0.767630
-0.767986
-0.768344
-0.768700
-0.769056
-0.769411
-0.769767
-0.770122
-0.770476
-0.770830
-0.771184
-0.771537
-0.771890
-0.772242
-0.772595
-0.772946
-0.773297
-0.773648
-0.773999
-0.774349
-0.774699
-0.775048
-0.775397
-0.775746
-0.776094
-0.776442
-0.776789
-0.777137
-0.777483
-0.777829
-0.778176
-0.778521
-0.778866
-0.779211
-0.779555
-0.779900
-0.780243
-0.780586
-0.780929
-0.781272
-0.781614
-0.781956
-0.782297
-0.782638
-0.782979
-0.783319
-0.783659
-0.783999
-0.784338
-0.784677
-0.785015
-0.785353
-0.785690
-0.786028
-0.786365
-0.786702
-0.787038
-0.787374
-0.787709
-0.788044
-0.788379
-0.788713
-0.789047
-0.789381
-0.789714
-0.790047
-0.790379
-0.790712
-0.791044
-0.791375
-0.791706
-0.792037
-0.792367
-0.792697
-0.793027
-0.793356
-0.793685
-0.794014
-0.794342
-0.794670
-0.794997
-0.795324
-0.795651
-0.795977
-0.796304
-0.796629
-0.796955
-0.797280
-0.797604
-0.797928
-0.798252
-0.798576
-0.798899
-0.799222
-0.799544
-0.799866
-0.800188
-0.800509
-0.800830
-0.801151
-0.801472
-0.801792
-0.802111
-0.802431
-0.802750
-0.803068
-0.803386
-0.803704
-0.804022
-0.804339
-0.804656
-0.804972
-0.805289
-0.805604
-0.805920
-0.806235
-0.806550
-0.806864
-0.807178
-0.807492
-0.807805
-0.808118
-0.808431
-0.808744
-0.809056
-0.809367
-0.809679
-0.809990
-0.810300
-0.810611
-0.810921
-0.811230
-0.811540
-0.811849
-0.812157
-0.812465
-0.812773
-0.813081
-0.813388
-0.813695
-0.814002
-0.814308
-0.814613
-0.814919
-0.815224
-0.815529
-0.815834
-0.816138
-0.816442
-0.816746
-0.817049
-0.817352
-0.817654
-0.817957
-0.818258
-0.818560
-0.818861
-0.819162
-0.819463
-0.819763
-0.820063
-0.820362
-0.820661
-0.820961
-0.821259
-0.821557
-0.821855
-0.822153
-0.822450
-0.822747
-0.823043
-0.823340
-0.823636
-0.823932
-0.824227
-0.824522
-0.824816
-0.825110
-0.825404
-0.825698
-0.825992
-0.826284
-0.826578
-0.826869
-0.827162
-0.827453
-0.827745
-0.828036
-0.828327
-0.828617
-0.828907
-0.829197
-0.829487
-0.829776
-0.830064
-0.830353
-0.830641
-0.830929
-0.831217
-0.831504
-0.831791
-0.832078
-0.832363
-0.832650
-0.832935
-0.833221
-0.833506
-0.833790
-0.834075
-0.834359
-0.834642
-0.834926
-0.835209
-0.835492
-0.835775
-0.836057
-0.836339
-0.836620
-0.836901
-0.837182
-0.837463
-0.837743
-0.838023
-0.838302
-0.838582
-0.838861
-0.839140
-0.839419
-0.839696
-0.839974
-0.840252
-0.840529
-0.840806
-0.841083
-0.841359
-0.841635
-0.841910
-0.842186
-0.842461
-0.842735
-0.843010
-0.843284
-0.843558
-0.843831
-0.844105
-0.844378
-0.844650
-0.844922
-0.845195
-0.845466
-0.845737
-0.846008
-0.846279
-0.846550
-0.846820
-0.847090
-0.847359
-0.847628
-0.847898
-0.848166
-0.848434
-0.848703
-0.848970
-0.849237
-0.849505
-0.849772
-0.850038
-0.850305
-0.850570
-0.850836
-0.851101
-0.851367
-0.851631
-0.851896
-0.852160
-0.852424
-0.852687
-0.852950
-0.853214
-0.853476
-0.853739
-0.854001
-0.854262
-0.854524
-0.854785
-0.855046
-0.855307
-0.855567
-0.855827
-0.856087
-0.856346
-0.856605
-0.856864
-0.857123
-0.857381
-0.857639
-0.857897
-0.858154
-0.858411
-0.858668
-0.858924
-0.859180
-0.859437
-0.859692
-0.859947
-0.860202
-0.860457
-0.860712
-0.860966
-0.861220
-0.861474
-0.861727
-0.861980
-0.862233
-0.862485
-0.862737
-0.862989
-0.863241
-0.863492
-0.863743
-0.863994
-0.864244
-0.864494
-0.864744
-0.864994
-0.865243
-0.865492
-0.865741
-0.865989
-0.866238
-0.866485
-0.866733
-0.866981
-0.867227
-0.867474
-0.867720
-0.867967
-0.868213
-0.868459
-0.868704
-0.868949
-0.869193
-0.869438
-0.869682
-0.869926
-0.870170
-0.870413
-0.870657
-0.870899
-0.871142
-0.871384
-0.871626
-0.871868
-0.872109
-0.872350
-0.872591
-0.872832
-0.873072
-0.873312
-0.873552
-0.873791
-0.874030
-0.874269
-0.874508
-0.874746
-0.874984
-0.875222
-0.875460
-0.875697
-0.875934
-0.876171
-0.876407
-0.876644
-0.876880
-0.877115
-0.877350
-0.877586
-0.877820
-0.878055
-0.878289
-0.878523
-0.878757
-0.878990
-0.879223
-0.879456
-0.879689
-0.879921
-0.880153
-0.880385
-0.880617
-0.880848
-0.881079
-0.881310
-0.881540
-0.881770
-0.882000
-0.882230
-0.882459
-0.882688
-0.882917
-0.883145
-0.883374
-0.883602
-0.883830
-0.884057
-0.884284
-0.884511
-0.884738
-0.884965
-0.885190
-0.885417
-0.885642
-0.885868
-0.886092
-0.886318
-0.886542
-0.886766
-0.886990
-0.887214
-0.887438
-0.887661
-0.887884
-0.888106
-0.888329
-0.888551
-0.888773
-0.888995
-0.889216
-0.889437
-0.889658
-0.889878
-0.890099
-0.890319
-0.890539
-0.890758
-0.890978
-0.891197
-0.891416
-0.891634
-0.891852
-0.892070
-0.892288
-0.892506
-0.892723
-0.892940
-0.893156
-0.893373
-0.893589
-0.893805
-0.894020
-0.894236
-0.894451
-0.894665
-0.894880
-0.895095
-0.895309
-0.895523
-0.895736
-0.895949
-0.896163
-0.896376
-0.896588
-0.896800
-0.897012
-0.897224
-0.897435
-0.897647
-0.897857
-0.898069
-0.898279
-0.898489
-0.898699
-0.898909
-0.899118
-0.899328
-0.899537
-0.899745
-0.899954
-0.900162
-0.900370
-0.900577
-0.900785
-0.900992
-0.901199
-0.901406
-0.901612
-0.901818
-0.902024
-0.902230
-0.902435
-0.902641
-0.902845
-0.903050
-0.903254
-0.903458
-0.903662
-0.903866
-0.904070
-0.904273
-0.904475
-0.904678
-0.904880
-0.905083
-0.905284
-0.905486
-0.905688
-0.905889
-0.906090
-0.906290
-0.906491
-0.906691
-0.906891
-0.907090
-0.907290
-0.907489
-0.907688
-0.907887
-0.908085
-0.908283
-0.908481
-0.908679
-0.908876
-0.909073
-0.909270
-0.909467
-0.909663
-0.909860
-0.910055
-0.910251
-0.910447
-0.910642
-0.910837
-0.911032
-0.911226
-0.911420
-0.911614
-0.911808
-0.912002
-0.912195
-0.912388
-0.912581
-0.912773
-0.912965
-0.913158
-0.913349
-0.913541
-0.913732
-0.913923
-0.914114
-0.914305
-0.914495
-0.914685
-0.914875
-0.915064
-0.915254
-0.915443
-0.915632
-0.915820
-0.916009
-0.916197
-0.916385
-0.916573
-0.916760
-0.916947
-0.917134
-0.917321
-0.917507
-0.917693
-0.917879
-0.918065
-0.918251
-0.918436
-0.918621
-0.918806
-0.918990
-0.919175
-0.919358
-0.919543
-0.919726
-0.919910
-0.920093
-0.920276
-0.920458
-0.920641
-0.920823
-0.921005
-0.921186
-0.921368
-0.921549
-0.921730
-0.921911
-0.922091
-0.922272
-0.922452
-0.922631
-0.922811
-0.922990
-0.923169
-0.923348
-0.923527
-0.923705
-0.923884
-0.924061
-0.924239
-0.924416
-0.924594
-0.924771
-0.924948
-0.925124
-0.925300
-0.925476
-0.925652
-0.925828
-0.926003
-0.926178
-0.926353
-0.926528
-0.926702
-0.926876
-0.927050
-0.927224
-0.927398
-0.927571
-0.927743
-0.927917
-0.928089
-0.928261
-0.928433
-0.928605
-0.928777
-0.928948
-0.929120
-0.929290
-0.929461
-0.929632
-0.929802
-0.929972
-0.930142
-0.930311
-0.930480
-0.930650
-0.930819
-0.930987
-0.931155
-0.931324
-0.931492
-0.931659
-0.931827
-0.931994
-0.932161
-0.932328
-0.932494
-0.932661
-0.932827
-0.932993
-0.933159
-0.933324
-0.933489
-0.933654
-0.933819
-0.933983
-0.934148
-0.934312
-0.934476
-0.934639
-0.934802
-0.934965
-0.935128
-0.935291
-0.935454
-0.935616
-0.935778
-0.935940
-0.936101
-0.936262
-0.936424
-0.936585
-0.936745
-0.936906
-0.937066
-0.937226
-0.937385
-0.937545
-0.937704
-0.937863
-0.938022
-0.938181
-0.938339
-0.938498
-0.938656
-0.938813
-0.938971
-0.939128
-0.939285
-0.939442
-0.939599
-0.939755
-0.939912
-0.940067
-0.940223
-0.940379
-0.940534
-0.940689
-0.940844
-0.940998
-0.941153
-0.941307
-0.941461
-0.941615
-0.941768
-0.941921
-0.942074
-0.942227
-0.942380
-0.942532
-0.942685
-0.942837
-0.942988
-0.943140
-0.943291
-0.943442
-0.943593
-0.943744
-0.943894
-0.944044
-0.944194
-0.944344
-0.944494
-0.944643
-0.944792
-0.944941
-0.945089
-0.945238
-0.945386
-0.945534
-0.945682
-0.945829
-0.945977
-0.946124
-0.946271
-0.946417
-0.946564
-0.946710
-0.946856
-0.947002
-0.947147
-0.947293
-0.947438
-0.947583
-0.947728
-0.947873
-0.948016
-0.948161
-0.948304
-0.948448
-0.948592
-0.948735
-0.948878
-0.949021
-0.949163
-0.949306
-0.949448
-0.949590
-0.949731
-0.949873
-0.950014
-0.950155
-0.950296
-0.950437
-0.950577
-0.950717
-0.950857
-0.950996
-0.951136
-0.951276
-0.951415
-0.951554
-0.951692
-0.951831
-0.951969
-0.952107
-0.952245
-0.952382
-0.952520
-0.952657
-0.952794
-0.952931
-0.953067
-0.953203
-0.953339
-0.953475
-0.953611
-0.953746
-0.953882
-0.954017
-0.954151
-0.954286
-0.954421
-0.954555
-0.954689
-0.954823
-0.954956
-0.955089
-0.955222
-0.955355
-0.955488
-0.955621
-0.955753
-0.955885
-0.956017
-0.956148
-0.956280
-0.956411
-0.956542
-0.956673
-0.956804
-0.956934
-0.957064
-0.957194
-0.957324
-0.957453
-0.957582
-0.957712
-0.957841
-0.957969
-0.958098
-0.958226
-0.958354
-0.958482
-0.958610
-0.958737
-0.958864
-0.958991
-0.959118
-0.959244
-0.959371
-0.959497
-0.959623
-0.959749
-0.959874
-0.959999
-0.960125
-0.960250
-0.960375
-0.960499
-0.960623
-0.960747
-0.960871
-0.960995
-0.961118
-0.961241
-0.961364
-0.961487
-0.961610
-0.961732
-0.961855
-0.961976
-0.962098
-0.962220
-0.962341
-0.962462
-0.962583
-0.962704
-0.962825
-0.962945
-0.963065
-0.963185
-0.963305
-0.963424
-0.963544
-0.963663
-0.963781
-0.963900
-0.964019
-0.964137
-0.964255
-0.964373
-0.964491
-0.964608
-0.964725
-0.964842
-0.964959
-0.965076
-0.965192
-0.965308
-0.965424
-0.965540
-0.965656
-0.965771
-0.965886
-0.966001
-0.966116
-0.966231
-0.966345
-0.966459
-0.966573
-0.966687
-0.966800
-0.966914
-0.967027
-0.967140
-0.967252
-0.967365
-0.967477
-0.967590
-0.967702
-0.967813
-0.967925
-0.968036
-0.968147
-0.968258
-0.968368
-0.968479
-0.968589
-0.968700
-0.968809
-0.968919
-0.969029
-0.969138
-0.969247
-0.969355
-0.969464
-0.969573
-0.969681
-0.969789
-0.969897
-0.970005
-0.970112
-0.970219
-0.970326
-0.970433
-0.970540
-0.970646
-0.970752
-0.970858
-0.970964
-0.971070
-0.971175
-0.971281
-0.971385
-0.971491
-0.971595
-0.971700
-0.971804
-0.971908
-0.972012
-0.972115
-0.972218
-0.972322
-0.972425
-0.972528
-0.972630
-0.972732
-0.972835
-0.972937
-0.973039
-0.973140
-0.973242
-0.973343
-0.973444
-0.973545
-0.973646
-0.973745
-0.973846
-0.973946
-0.974046
-0.974146
-0.974245
-0.974344
-0.974443
-0.974542
-0.974640
-0.974739
-0.974837
-0.974935
-0.975033
-0.975131
-0.975228
-0.975325
-0.975422
-0.975519
-0.975616
-0.975712
-0.975808
-0.975904
-0.976000
-0.976096
-0.976191
-0.976286
-0.976381
-0.976476
-0.976571
-0.976665
-0.976760
-0.976853
-0.976947
-0.977041
-0.977134
-0.977228
-0.977321
-0.977413
-0.977506
-0.977599
-0.977691
-0.977783
-0.977875
-0.977967
-0.978058
-0.978150
-0.978241
-0.978331
-0.978422
-0.978513
-0.978603
-0.978693
-0.978783
-0.978873
-0.978962
-0.979051
-0.979141
-0.979230
-0.979318
-0.979407
-0.979495
-0.979583
-0.979671
-0.979759
-0.979846
-0.979934
-0.980021
-0.980108
-0.980195
-0.980281
-0.980368
-0.980454
-0.980540
-0.980625
-0.980711
-0.980796
-0.980881
-0.980967
-0.981051
-0.981136
-0.981221
-0.981305
-0.981389
-0.981473
-0.981556
-0.981639
-0.981723
-0.981806
-0.981889
-0.981971
-0.982054
-0.982136
-0.982218
-0.982300
-0.982382
-0.982463
-0.982545
-0.982626
-0.982706
-0.982787
-0.982868
-0.982948
-0.983028
-0.983108
-0.983188
-0.983267
-0.983347
-0.983426
-0.983505
-0.983584
-0.983663
-0.983741
-0.983819
-0.983897
-0.983975
-0.984052
-0.984130
-0.984207
-0.984284
-0.984361
-0.984437
-0.984514
-0.984590
-0.984666
-0.984743
-0.984818
-0.984894
-0.984969
-0.985044
-0.985119
-0.985194
-0.985268
-0.985343
-0.985417
-0.985491
-0.985564
-0.985638
-0.985711
-0.985784
-0.985857
-0.985930
-0.986003
-0.986075
-0.986147
-0.986219
-0.986291
-0.986363
-0.986434
-0.986506
-0.986577
-0.986648
-0.986718
-0.986789
-0.986859
-0.986929
-0.986999
-0.987069
-0.987139
-0.987208
-0.987277
-0.987346
-0.987415
-0.987483
-0.987552
-0.987620
-0.987688
-0.987756
-0.987823
-0.987891
-0.987958
-0.988025
-0.988092
-0.988159
-0.988225
-0.988291
-0.988358
-0.988423
-0.988489
-0.988555
-0.988620
-0.988685
-0.988750
-0.988815
-0.988879
-0.988944
-0.989008
-0.989072
-0.989136
-0.989200
-0.989263
-0.989326
-0.989389
-0.989452
-0.989515
-0.989577
-0.989639
-0.989701
-0.989763
-0.989825
-0.989887
-0.989948
-0.990009
-0.990070
-0.990131
-0.990192
-0.990252
-0.990312
-0.990372
-0.990432
-0.990492
-0.990551
-0.990610
-0.990669
-0.990728
-0.990787
-0.990846
-0.990904
-0.990962
-0.991020
-0.991078
-0.991136
-0.991193
-0.991250
-0.991307
-0.991364
-0.991420
-0.991477
-0.991533
-0.991589
-0.991645
-0.991700
-0.991756
-0.991811
-0.991867
-0.991921
-0.991976
-0.992031
-0.992085
-0.992139
-0.992193
-0.992247
-0.992301
-0.992354
-0.992407
-0.992460
-0.992513
-0.992566
-0.992618
-0.992671
-0.992722
-0.992774
-0.992826
-0.992877
-0.992929
-0.992980
-0.993031
-0.993082
-0.993133
-0.993183
-0.993233
-0.993283
-0.993333
-0.993383
-0.993432
-0.993481
-0.993530
-0.993579
-0.993628
-0.993677
-0.993725
-0.993773
-0.993821
-0.993869
-0.993917
-0.993964
-0.994011
-0.994058
-0.994105
-0.994152
-0.994198
-0.994244
-0.994290
-0.994336
-0.994382
-0.994427
-0.994473
-0.994518
-0.994563
-0.994608
-0.994652
-0.994697
-0.994741
-0.994785
-0.994829
-0.994873
-0.994916
-0.994959
-0.995003
-0.995045
-0.995088
-0.995131
-0.995173
-0.995215
-0.995257
-0.995299
-0.995341
-0.995382
-0.995423
-0.995464
-0.995505
-0.995546
-0.995587
-0.995627
-0.995667
-0.995707
-0.995746
-0.995786
-0.995826
-0.995864
-0.995904
-0.995943
-0.995981
-0.996020
-0.996058
-0.996096
-0.996134
-0.996172
-0.996209
-0.996246
-0.996284
-0.996321
-0.996357
-0.996394
-0.996430
-0.996467
-0.996503
-0.996538
-0.996574
-0.996609
-0.996645
-0.996680
-0.996715
-0.996750
-0.996784
-0.996819
-0.996853
-0.996887
-0.996920
-0.996954
-0.996987
-0.997021
-0.997054
-0.997087
-0.997119
-0.997152
-0.997184
-0.997216
-0.997248
-0.997280
-0.997312
-0.997343
-0.997374
-0.997405
-0.997436
-0.997467
-0.997497
-0.997528
-0.997558
-0.997588
-0.997617
-0.997647
-0.997676
-0.997705
-0.997734
-0.997763
-0.997792
-0.997820
-0.997849
-0.997877
-0.997905
-0.997932
-0.997960
-0.997987
-0.998014
-0.998041
-0.998068
-0.998094
-0.998121
-0.998147
-0.998173
-0.998199
-0.998225
-0.998250
-0.998275
-0.998300
-0.998326
-0.998350
-0.998374
-0.998399
-0.998423
-0.998447
-0.998471
-0.998495
-0.998518
-0.998541
-0.998564
-0.998587
-0.998610
-0.998632
-0.998655
-0.998677
-0.998699
-0.998721
-0.998742
-0.998764
-0.998785
-0.998806
-0.998827
-0.998848
-0.998868
-0.998889
-0.998909
-0.998928
-0.998948
-0.998968
-0.998988
-0.999007
-0.999026
-0.999044
-0.999063
-0.999082
-0.999100
-0.999118
-0.999136
-0.999153
-0.999171
-0.999188
-0.999206
-0.999223
-0.999240
-0.999256
-0.999273
-0.999289
-0.999305
-0.999321
-0.999336
-0.999352
-0.999367
-0.999382
-0.999397
-0.999412
-0.999427
-0.999441
-0.999456
-0.999470
-0.999484
-0.999497
-0.999511
-0.999524
-0.999537
-0.999550
-0.999563
-0.999575
-0.999588
-0.999600
-0.999612
-0.999624
-0.999636
-0.999647
-0.999659
-0.999669
-0.999680
-0.999691
-0.999702
-0.999712
-0.999722
-0.999732
-0.999742
-0.999752
-0.999761
-0.999771
-0.999780
-0.999788
-0.999797
-0.999806
-0.999814
-0.999822
-0.999830
-0.999838
-0.999846
-0.999853
-0.999860
-0.999867
-0.999874
-0.999881
-0.999887
-0.999894
-0.999900
-0.999906
-0.999912
-0.999917
-0.999923
-0.999928
-0.999933
-0.999938
-0.999943
-0.999947
-0.999952
-0.999955
-0.999960
-0.999963
-0.999967
-0.999970
-0.999973
-0.999976
-0.999980
-0.999982
-0.999985
-0.999987
-0.999989
-0.999991
-0.999993
-0.999994
-0.999995
-0.999997
-0.999998
-0.999999
-0.999999
-1.000000
-1.000000
-1.000000
-1.000000
-1.000000
-0.999999
-0.999999
-0.999998
-0.999997
-0.999995
-0.999994
-0.999993
-0.999991
-0.999989
-0.999987
-0.999985
-0.999982
-0.999980
-0.999976
-0.999973
-0.999970
-0.999967
-0.999963
-0.999960
-0.999955
-0.999952
-0.999947
-0.999943
-0.999938
-0.999933
-0.999928
-0.999923
-0.999917
-0.999912
-0.999906
-0.999900
-0.999894
-0.999887
-0.999881
-0.999874
-0.999867
-0.999860
-0.999853
-0.999846
-0.999838
-0.999830
-0.999822
-0.999814
-0.999806
-0.999797
-0.999788
-0.999780
-0.999771
-0.999761
-0.999752
-0.999742
-0.999732
-0.999722
-0.999712
-0.999702
-0.999691
-0.999680
-0.999669
-0.999659
-0.999647
-0.999636
-0.999624
-0.999612
-0.999600
-0.999588
-0.999575
-0.999563
-0.999550
-0.999537
-0.999524
-0.999511
-0.999497
-0.999484
-0.999470
-0.999456
-0.999441
-0.999427
-0.999412
-0.999397
-0.999382
-0.999367
-0.999352
-0.999336
-0.999321
-0.999305
-0.999289
-0.999273
-0.999256
-0.999240
-0.999223
-0.999206
-0.999188
-0.999171
-0.999153
-0.999136
-0.999118
-0.999100
-0.999082
-0.999063
-0.999044
-0.999026
-0.999007
-0.998988
-0.998968
-0.998948
-0.998928
-0.998909
-0.998889
-0.998868
-0.998848
-0.998827
-0.998806
-0.998785
-0.998764
-0.998742
-0.998721
-0.998699
-0.998677
-0.998655
-0.998632
-0.998610
-0.998587
-0.998564
-0.998541
-0.998518
-0.998495
-0.998471
-0.998447
-0.998423
-0.998399
-0.998374
-0.998350
-0.998326
-0.998300
-0.998275
-0.998250
-0.998225
-0.998199
-0.998173
-0.998147
-0.998121
-0.998094
-0.998068
-0.998041
-0.998014
-0.997987
-0.997960
-0.997932
-0.997905
-0.997877
-0.997849
-0.997820
-0.997792
-0.997763
-0.997734
-0.997705
-0.997676
-0.997647
-0.997617
-0.997588
-0.997558
-0.997528
-0.997497
-0.997467
-0.997436
-0.997405
-0.997374
-0.997343
-0.997312
-0.997280
-0.997248
-0.997216
-0.997184
-0.997152
-0.997119
-0.997087
-0.997054
-0.997021
-0.996987
-0.996954
-0.996920
-0.996887
-0.996853
-0.996819
-0.996784
-0.996750
-0.996715
-0.996680
-0.996645
-0.996609
-0.996574
-0.996538
-0.996503
-0.996467
-0.996430
-0.996394
-0.996357
-0.996321
-0.996284
-0.996246
-0.996209
-0.996172
-0.996134
-0.996096
-0.996058
-0.996020
-0.995981
-0.995943
-0.995904
-0.995864
-0.995826
-0.995786
-0.995746
-0.995707
-0.995667
-0.995627
-0.995587
-0.995546
-0.995505
-0.995464
-0.995423
-0.995382
-0.995341
-0.995299
-0.995257
-0.995215
-0.995173
-0.995131
-0.995088
-0.995045
-0.995003
-0.994959
-0.994916
-0.994873
-0.994829
-0.994785
-0.994741
-0.994697
-0.994652
-0.994608
-0.994563
-0.994518
-0.994473
-0.994427
-0.994382
-0.994336
-0.994290
-0.994244
-0.994198
-0.994152
-0.994105
-0.994058
-0.994011
-0.993964
-0.993917
-0.993869
-0.993821
-0.993773
-0.993725
-0.993677
-0.993628
-0.993579
-0.993530
-0.993481
-0.993432
-0.993383
-0.993333
-0.993283
-0.993233
-0.993183
-0.993133
-0.993082
-0.993031
-0.992980
-0.992929
-0.992877
-0.992826
-0.992774
-0.992722
-0.992671
-0.992618
-0.992566
-0.992513
-0.992460
-0.992407
-0.992354
-0.992301
-0.992247
-0.992193
-0.992139
-0.992085
-0.992031
-0.991976
-0.991921
-0.991867
-0.991811
-0.991756
-0.991700
-0.991645
-0.991589
-0.991533
-0.991477
-0.991420
-0.991364
-0.991307
-0.991250
-0.991193
-0.991136
-0.991078
-0.991020
-0.990962
-0.990904
-0.990846
-0.990787
-0.990728
-0.990669
-0.990610
-0.990551
-0.990492
-0.990432
-0.990372
-0.990312
-0.990252
-0.990192
-0.990131
-0.990070
-0.990009
-0.989948
-0.989887
-0.989825
-0.989763
-0.989701
-0.989639
-0.989577
-0.989515
-0.989452
-0.989389
-0.989326
-0.989263
-0.989200
-0.989136
-0.989072
-0.989008
-0.988944
-0.988879
-0.988815
-0.988750
-0.988685
-0.988620
-0.988555
-0.988489
-0.988423
-0.988358
-0.988291
-0.988225
-0.988159
-0.988092
-0.988025
-0.987958
-0.987891
-0.987823
-0.987756
-0.987688
-0.987620
-0.987552
-0.987483
-0.987415
-0.987346
-0.987277
-0.987208
-0.987139
-0.987069
-0.986999
-0.986929
-0.986859
-0.986789
-0.986718
-0.986648
-0.986577
-0.986506
-0.986434
-0.986363
-0.986291
-0.986219
-0.986147
-0.986075
-0.986003
-0.985930
-0.985857
-0.985784
-0.985711
-0.985638
-0.985564
-0.985491
-0.985417
-0.985343
-0.985268
-0.985194
-0.985119
-0.985044
-0.984969
-0.984894
-0.984818
-0.984743
-0.984666
-0.984590
-0.984514
-0.984437
-0.984361
-0.984284
-0.984207
-0.984130
-0.984052
-0.983975
-0.983897
-0.983819
-0.983741
-0.983663
-0.983584
-0.983505
-0.983426
-0.983347
-0.983267
-0.983188
-0.983108
-0.983028
-0.982948
-0.982868
-0.982787
-0.982706
-0.982626
-0.982545
-0.982463
-0.982382
-0.982300
-0.982218
-0.982136
-0.982054
-0.981971
-0.981889
-0.981806
-0.981723
-0.981639
-0.981556
-0.981473
-0.981389
-0.981305
-0.981221
-0.981136
-0.981051
-0.980967
-0.980881
-0.980796
-0.980711
-0.980625
-0.980540
-0.980454
-0.980368
-0.980281
-0.980195
-0.980108
-0.980021
-0.979934
-0.979846
-0.979759
-0.979671
-0.979583
-0.979495
-0.979407
-0.979318
-0.979230
-0.979141
-0.979051
-0.978962
-0.978873
-0.978783
-0.978693
-0.978603
-0.978513
-0.978422
-0.978331
-0.978241
-0.978150
-0.978058
-0.977967
-0.977875
-0.977783
-0.977691
-0.977599
-0.977506
-0.977413
-0.977321
-0.977228
-0.977134
-0.977041
-0.976947
-0.976853
-0.976760
-0.976665
-0.976571
-0.976476
-0.976381
-0.976286
-0.976191
-0.976096
-0.976000
-0.975904
-0.975808
-0.975712
-0.975616
-0.975519
-0.975422
-0.975325
-0.975228
-0.975131
-0.975033
-0.974935
-0.974837
-0.974739
-0.974640
-0.974542
-0.974443
-0.974344
-0.974245
-0.974146
-0.974046
-0.973946
-0.973846
-0.973745
-0.973646
-0.973545
-0.973444
-0.973343
-0.973242
-0.973140
-0.973039
-0.972937
-0.972835
-0.972732
-0.972630
-0.972528
-0.972425
-0.972322
-0.972218
-0.972115
-0.972012
-0.971908
-0.971804
-0.971700
-0.971595
-0.971491
-0.971385
-0.971281
-0.971175
-0.971070
-0.970964
-0.970858
-0.970752
-0.970646
-0.970540
-0.970433
-0.970326
-0.970219
-0.970112
-0.970005
-0.969897
-0.969789
-0.969681
-0.969573
-0.969464
-0.969355
-0.969247
-0.969138
-0.969029
-0.968919
-0.968809
-0.968700
-0.968589
-0.968479
-0.968368
-0.968258
-0.968147
-0.968036
-0.967925
-0.967813
-0.967702
-0.967590
-0.967477
-0.967365
-0.967252
-0.967140
-0.967027
-0.966914
-0.966800
-0.966687
-0.966573
-0.966459
-0.966345
-0.966231
-0.966116
-0.966001
-0.965886
-0.965771
-0.965656
-0.965540
-0.965424
-0.965308
-0.965192
-0.965076
-0.964959
-0.964842
-0.964725
-0.964608
-0.964491
-0.964373
-0.964255
-0.964137
-0.964019
-0.963900
-0.963781
-0.963663
-0.963544
-0.963424
-0.963305
-0.963185
-0.963065
-0.962945
-0.962825
-0.962704
-0.962583
-0.962462
-0.962341
-0.962220
-0.962098
-0.961976
-0.961855
-0.961732
-0.961610
-0.961487
-0.961364
-0.961241
-0.961118
-0.960995
-0.960871
-0.960747
-0.960623
-0.960499
-0.960375
-0.960250
-0.960125
-0.959999
-0.959874
-0.959749
-0.959623
-0.959497
-0.959371
-0.959244
-0.959118
-0.958991
-0.958864
-0.958737
-0.958610
-0.958482
-0.958354
-0.958226
-0.958098
-0.957969
-0.957841
-0.957712
-0.957582
-0.957453
-0.957324
-0.957194
-0.957064
-0.956934
-0.956804
-0.956673
-0.956542
-0.956411
-0.956280
-0.956148
-0.956017
-0.955885
-0.955753
-0.955621
-0.955488
-0.955355
-0.955222
-0.955089
-0.954956
-0.954823
-0.954689
-0.954555
-0.954421
-0.954286
-0.954151
-0.954017
-0.953882
-0.953746
-0.953611
-0.953475
-0.953339
-0.953203
-0.953067
-0.952931
-0.952794
-0.952657
-0.952520
-0.952382
-0.952245
-0.952107
-0.951969
-0.951831
-0.951692
-0.951554
-0.951415
-0.951276
-0.951136
-0.950996
-0.950857
-0.950717
-0.950577
-0.950437
-0.950296
-0.950155
-0.950014
-0.949873
-0.949731
-0.949590
-0.949448
-0.949306
-0.949163
-0.949021
-0.948878
-0.948735
-0.948592
-0.948448
-0.948304
-0.948161
-0.948016
-0.947873
-0.947728
-0.947583
-0.947438
-0.947293
-0.947147
-0.947002
-0.946856
-0.946710
-0.946564
-0.946417
-0.946271
-0.946124
-0.945977
-0.945829
-0.945682
-0.945534
-0.945386
-0.945238
-0.945089
-0.944941
-0.944792
-0.944643
-0.944494
-0.944344
-0.944194
-0.944044
-0.943894
-0.943744
-0.943593
-0.943442
-0.943291
-0.943140
-0.942988
-0.942837
-0.942685
-0.942532
-0.942380
-0.942227
-0.942074
-0.941921
-0.941768
-0.941615
-0.941461
-0.941307
-0.941153
-0.940998
-0.940844
-0.940689
-0.940534
-0.940379
-0.940223
-0.940067
-0.939912
-0.939755
-0.939599
-0.939442
-0.939285
-0.939128
-0.938971
-0.938813
-0.938656
-0.938498
-0.938339
-0.938181
-0.938022
-0.937863
-0.937704
-0.937545
-0.937385
-0.937226
-0.937066
-0.936906
-0.936745
-0.936585
-0.936424
-0.936262
-0.936101
-0.935940
-0.935778
-0.935616
-0.935454
-0.935291
-0.935128
-0.934965
-0.934802
-0.934639
-0.934476
-0.934312
-0.934148
-0.933983
-0.933819
-0.933654
-0.933489
-0.933324
-0.933159
-0.932993
-0.932827
-0.932661
-0.932494
-0.932328
-0.932161
-0.931994
-0.931827
-0.931659
-0.931492
-0.931324
-0.931155
-0.930987
-0.930819
-0.930650
-0.930480
-0.930311
-0.930142
-0.929972
-0.929802
-0.929632
-0.929461
-0.929290
-0.929120
-0.928948
-0.928777
-0.928605
-0.928433
-0.928261
-0.928089
-0.927917
-0.927743
-0.927571
-0.927398
-0.927224
-0.927050
-0.926876
-0.926702
-0.926528
-0.926353
-0.926178
-0.926003
-0.925828
-0.925652
-0.925476
-0.925300
-0.925124
-0.924948
-0.924771
-0.924594
-0.924416
-0.924239
-0.924061
-0.923884
-0.923705
-0.923527
-0.923348
-0.923169
-0.922990
-0.922811
-0.922631
-0.922452
-0.922272
-0.922091
-0.921911
-0.921730
-0.921549
-0.921368
-0.921186
-0.921005
-0.920823
-0.920641
-0.920458
-0.920276
-0.920093
-0.919910
-0.919726
-0.919543
-0.919358
-0.919175
-0.918990
-0.918806
-0.918621
-0.918436
-0.918251
-0.918065
-0.917879
-0.917693
-0.917507
-0.917321
-0.917134
-0.916947
-0.916760
-0.916573
-0.916385
-0.916197
-0.916009
-0.915820
-0.915632
-0.915443
-0.915254
-0.915064
-0.914875
-0.914685
-0.914495
-0.914305
-0.914114
-0.913923
-0.913732
-0.913541
-0.913349
-0.913158
-0.912965
-0.912773
-0.912581
-0.912388
-0.912195
-0.912002
-0.911808
-0.911614
-0.911420
-0.911226
-0.911032
-0.910837
-0.910642
-0.910447
-0.910251
-0.910055
-0.909860
-0.909663
-0.909467
-0.909270
-0.909073
-0.908876
-0.908679
-0.908481
-0.908283
-0.908085
-0.907887
-0.907688
-0.907489
-0.907290
-0.907090
-0.906891
-0.906691
-0.906491
-0.906290
-0.906090
-0.905889
-0.905688
-0.905486
-0.905284
-0.905083
-0.904880
-0.904678
-0.904475
-0.904273
-0.904070
-0.903866
-0.903662
-0.903458
-0.903254
-0.903050
-0.902845
-0.902641
-0.902435
-0.902230
-0.902024
-0.901818
-0.901612
-0.901406
-0.901199
-0.900992
-0.900785
-0.900577
-0.900370
-0.900162
-0.899954
-0.899745
-0.899537
-0.899328
-0.899118
-0.898909
-0.898699
-0.898489
-0.898279
-0.898069
-0.897857
-0.897647
-0.897435
-0.897224
-0.897012
-0.896800
-0.896588
-0.896376
-0.896163
-0.895949
-0.895736
-0.895523
-0.895309
-0.895095
-0.894880
-0.894665
-0.894451
-0.894236
-0.894020
-0.893805
-0.893589
-0.893373
-0.893156
-0.892940
-0.892723
-0.892506
-0.892288
-0.892070
-0.891852
-0.891634
-0.891416
-0.891197
-0.890978
-0.890758
-0.890539
-0.890319
-0.890099
-0.889878
-0.889658
-0.889437
-0.889216
-0.888995
-0.888773
-0.888551
-0.888329
-0.888106
-0.887884
-0.887661
-0.887438
-0.887214
-0.886990
-0.886766
-0.886542
-0.886318
-0.886092
-0.885868
-0.885642
-0.885417
-0.885190
-0.884965
-0.884738
-0.884511
-0.884284
-0.884057
-0.883830
-0.883602
-0.883374
-0.883145
-0.882917
-0.882688
-0.882459
-0.882230
-0.882000
-0.881770
-0.881540
-0.881310
-0.881079
-0.880848
-0.880617
-0.880385
-0.880153
-0.879921
-0.879689
-0.879456
-0.879223
-0.878990
-0.878757
-0.878523
-0.878289
-0.878055
-0.877820
-0.877586
-0.877350
-0.877115
-0.876880
-0.876644
-0.876407
-0.876171
-0.875934
-0.875697
-0.875460
-0.875222
-0.874984
-0.874746
-0.874508
-0.874269
-0.874030
-0.873791
-0.873552
-0.873312
-0.873072
-0.872832
-0.872591
-0.872350
-0.872109
-0.871868
-0.871626
-0.871384
-0.871142
-0.870899
-0.870657
-0.870413
-0.870170
-0.869926
-0.869682
-0.869438
-0.869193
-0.868949
-0.868704
-0.868459
-0.868213
-0.867967
-0.867720
-0.867474
-0.867227
-0.866981
-0.866733
-0.866485
-0.866238
-0.865989
-0.865741
-0.865492
-0.865243
-0.864994
-0.864744
-0.864494
-0.864244
-0.863994
-0.863743
-0.863492
-0.863241
-0.862989
-0.862737
-0.862485
-0.862233
-0.861980
-0.861727
-0.861474
-0.861220
-0.860966
-0.860712
-0.860457
-0.860202
-0.859947
-0.859692
-0.859437
-0.859180
-0.858924
-0.858668
-0.858411
-0.858154
-0.857897
-0.857639
-0.857381
-0.857123
-0.856864
-0.856605
-0.856346
-0.856087
-0.855827
-0.855567
-0.855307
-0.855046
-0.854785
-0.854524
-0.854262
-0.854001
-0.853739
-0.853476
-0.853214
-0.852950
-0.852687
-0.852424
-0.852160
-0.851896
-0.851631
-0.851367
-0.851101
-0.850836
-0.850570
-0.850305
-0.850038
-0.849772
-0.849505
-0.849237
-0.848970
-0.848703
-0.848434
-0.848166
-0.847898
-0.847628
-0.847359
-0.847090
-0.846820
-0.846550
-0.846279
-0.846008
-0.845737
-0.845466
-0.845195
-0.844922
-0.844650
-0.844378
-0.844105
-0.843831
-0.843558
-0.843284
-0.843010
-0.842735
-0.842461
-0.842186
-0.841910
-0.841635
-0.841359
-0.841083
-0.840806
-0.840529
-0.840252
-0.839974
-0.839696
-0.839419
-0.839140
-0.838861
-0.838582
-0.838302
-0.838023
-0.837743
-0.837463
-0.837182
-0.836901
-0.836620
-0.836339
-0.836057
-0.835775
-0.835492
-0.835209
-0.834926
-0.834642
-0.834359
-0.834075
-0.833790
-0.833506
-0.833221
-0.832935
-0.832650
-0.832363
-0.832078
-0.831791
-0.831504
-0.831217
-0.830929
-0.830641
-0.830353
-0.830064
-0.829776
-0.829487
-0.829197
-0.828907
-0.828617
-0.828327
-0.828036
-0.827745
-0.827453
-0.827162
-0.826869
-0.826578
-0.826284
-0.825992
-0.825698
-0.825404
-0.825110
-0.824816
-0.824522
-0.824227
-0.823932
-0.823636
-0.823340
-0.823043
-0.822747
-0.822450
-0.822153
-0.821855
-0.821557
-0.821259
-0.820961
-0.820661
-0.820362
-0.820063
-0.819763
-0.819463
-0.819162
-0.818861
-0.818560
-0.818258
-0.817957
-0.817654
-0.817352
-0.817049
-0.816746
-0.816442
-0.816138
-0.815834
-0.815529
-0.815224
-0.814919
-0.814613
-0.814308
-0.814002
-0.813695
-0.813388
-0.813081
-0.812773
-0.812465
-0.812157
-0.811849
-0.811540
-0.811230
-0.810921
-0.810611
-0.810300
-0.809990
-0.809679
-0.809367
-0.809056
-0.808744
-0.808431
-0.808118
-0.807805
-0.807492
-0.807178
-0.806864
-0.806550
-0.806235
-0.805920
-0.805604
-0.805289
-0.804972
-0.804656
-0.804339
-0.804022
-0.803704
-0.803386
-0.803068
-0.802750
-0.802431
-0.802111
-0.801792
-0.801472
-0.801151
-0.800830
-0.800509
-0.800188
-0.799866
-0.799544
-0.799222
-0.798899
-0.798576
-0.798252
-0.797928
-0.797604
-0.797280
-0.796955
-0.796629
-0.796304
-0.795977
-0.795651
-0.795324
-0.794997
-0.794670
-0.794342
-0.794014
-0.793685
-0.793356
-0.793027
-0.792697
-0.792367
-0.792037
-0.791706
-0.791375
-0.791044
-0.790712
-0.790379
-0.790047
-0.789714
-0.789381
-0.789047
-0.788713
-0.788379
-0.788044
-0.787709
-0.787374
-0.787038
-0.786702
-0.786365
-0.786028
-0.785690
-0.785353
-0.785015
-0.784677
-0.784338
-0.783999
-0.783659
-0.783319
-0.782979
-0.782638
-0.782297
-0.781956
-0.781614
-0.781272
-0.780929
-0.780586
-0.780243
-0.779900
-0.779555
-0.779211
-0.778866
-0.778521
-0.778176
-0.777829
-0.777483
-0.777137
-0.776789
-0.776442
-0.776094
-0.775746
-0.775397
-0.775048
-0.774699
-0.774349
-0.773999
-0.773648
-0.773297
-0.772946
-0.772595
-0.772242
-0.771890
-0.771537
-0.771184
-0.770830
-0.770476
-0.770122
-0.769767
-0.769411
-0.769056
-0.768700
-0.768344
-0.767986
-0.767630
-0.767272
-0.766914
-0.766556
-0.766197
-0.765838
-0.765478
-0.765118
-0.764758
-0.764397
-0.764036
-0.763675
-0.763313
-0.762950
-0.762588
-0.762225
-0.761861
-0.761497
-0.761133
-0.760768
-0.760403
-0.760037
-0.759671
-0.759306
-0.758938
-0.758571
-0.758204
-0.757836
-0.757468
-0.757099
-0.756730
-0.756360
-0.755990
-0.755620
-0.755249
-0.754878
-0.754506
-0.754134
-0.753762
-0.753389
-0.753016
-0.752642
-0.752267
-0.751893
-0.751518
-0.751143
-0.750767
-0.750391
-0.750014
-0.749638
-0.749260
-0.748882
-0.748504
-0.748125
-0.747746
-0.747366
-0.746987
-0.746606
-0.746226
-0.745844
-0.745462
-0.745080
-0.744698
-0.744315
-0.743932
-0.743548
-0.743163
-0.742779
-0.742394
-0.742008
-0.741623
-0.741236
-0.740849
-0.740462
-0.740075
-0.739687
-0.739298
-0.738909
-0.738520
-0.738130
-0.737740
-0.737350
-0.736958
-0.736567
-0.736175
-0.735782
-0.735389
-0.734996
-0.734603
-0.734208
-0.733814
-0.733419
-0.733023
-0.732627
-0.732231
-0.731835
-0.731438
-0.731039
-0.730642
-0.730243
-0.729844
-0.729444
-0.729045
-0.728644
-0.728243
-0.727842
-0.727440
-0.727038
-0.726635
-0.726232
-0.725829
-0.725425
-0.725021
-0.724616
-0.724210
-0.723805
-0.723399
-0.722992
-0.722584
-0.722177
-0.721769
-0.721360
-0.720952
-0.720542
-0.720132
-0.719722
-0.719311
-0.718900
-0.718488
-0.718076
-0.717663
-0.717250
-0.716837
-0.716422
-0.716008
-0.715592
-0.715177
-0.714761
-0.714344
-0.713928
-0.713510
-0.713093
-0.712674
-0.712256
-0.711836
-0.711417
-0.710996
-0.710576
-0.710155
-0.709733
-0.709311
-0.708889
-0.708465
-0.708042
-0.707618
-0.707194
-0.706768
-0.706343
-0.705917
-0.705490
-0.705064
-0.704637
-0.704209
-0.703780
-0.703351
-0.702921
-0.702492
-0.702061
-0.701631
-0.701199
-0.700768
-0.700335
-0.699903
-0.699470
-0.699036
-0.698601
-0.698167
-0.697731
-0.697296
-0.696859
-0.696423
-0.695985
-0.695548
-0.695110
-0.694671
-0.694231
-0.693792
-0.693351
-0.692910
-0.692469
-0.692028
-0.691586
-0.691143
-0.690699
-0.690255
-0.689811
-0.689367
-0.688921
-0.688475
-0.688029
-0.687582
-0.687135
-0.686687
-0.686239
-0.685790
-0.685340
-0.684890
-0.684440
-0.683989
-0.683537
-0.683085
-0.682633
-0.682179
-0.681726
-0.681272
-0.680817
-0.680362
-0.679906
-0.679450
-0.678993
-0.678536
-0.678078
-0.677619
-0.677161
-0.676701
-0.676241
-0.675781
-0.675320
-0.674858
-0.674396
-0.673933
-0.673470
-0.673007
-0.672542
-0.672078
-0.671612
-0.671146
-0.670680
-0.670213
-0.669745
-0.669278
-0.668809
-0.668340
-0.667870
-0.667399
-0.666929
-0.666457
-0.665986
-0.665513
-0.665040
-0.664566
-0.664092
-0.663617
-0.663142
-0.662666
-0.662190
-0.661713
-0.661235
-0.660758
-0.660279
-0.659800
-0.659320
-0.658840
-0.658359
-0.657877
-0.657396
-0.656913
-0.656430
-0.655946
-0.655462
-0.654977
-0.654491
-0.654006
-0.653519
-0.653032
-0.652544
-0.652056
-0.651567
-0.651078
-0.650587
-0.650097
-0.649605
-0.649114
-0.648622
-0.648128
-0.647635
-0.647141
-0.646646
-0.646151
-0.645654
-0.645158
-0.644661
-0.644163
-0.643665
-0.643166
-0.642666
-0.642167
-0.641666
-0.641165
-0.640663
-0.640160
-0.639657
-0.639154
-0.638649
-0.638144
-0.637639
-0.637133
-0.636626
-0.636119
-0.635611
-0.635102
-0.634593
-0.634083
-0.633572
-0.633062
-0.632550
-0.632038
-0.631525
-0.631011
-0.630497
-0.629982
-0.629467
-0.628951
-0.628435
-0.627917
-0.627399
-0.626880
-0.626362
-0.625842
-0.625322
-0.624800
-0.624279
-0.623756
-0.623234
-0.622710
-0.622186
-0.621660
-0.621135
-0.620609
-0.620082
-0.619555
-0.619026
-0.618498
-0.617968
-0.617438
-0.616907
-0.616376
-0.615844
-0.615311
-0.614778
-0.614245
-0.613710
-0.613174
-0.612638
-0.612102
-0.611565
-0.611026
-0.610488
-0.609948
-0.609408
-0.608868
-0.608327
-0.607785
-0.607242
-0.606699
-0.606155
-0.605610
-0.605065
-0.604518
-0.603972
-0.603424
-0.602877
-0.602328
-0.601779
-0.601229
-0.600677
-0.600126
-0.599574
-0.599021
-0.598467
-0.597913
-0.597358
-0.596802
-0.596246
-0.595689
-0.595131
-0.594573
-0.594014
-0.593454
-0.592893
-0.592332
-0.591770
-0.591207
-0.590644
-0.590080
-0.589515
-0.588950
-0.588383
-0.587816
-0.587248
-0.586680
-0.586111
-0.585541
-0.584970
-0.584398
-0.583827
-0.583254
-0.582681
-0.582106
-0.581531
-0.580955
-0.580379
-0.579802
-0.579224
-0.578646
-0.578065
-0.577486
-0.576904
-0.576323
-0.575741
-0.575158
-0.574574
-0.573988
-0.573403
-0.572817
-0.572230
-0.571643
-0.571054
-0.570465
-0.569874
-0.569284
-0.568693
-0.568100
-0.567507
-0.566913
-0.566319
-0.565724
-0.565127
-0.564530
-0.563932
-0.563334
-0.562734
-0.562134
-0.561534
-0.560932
-0.560329
-0.559727
-0.559123
-0.558518
-0.557912
-0.557306
-0.556699
-0.556090
-0.555482
-0.554872
-0.554262
-0.553650
-0.553038
-0.552426
-0.551812
-0.551198
-0.550582
-0.549966
-0.549349
-0.548731
-0.548113
-0.547494
-0.546874
-0.546252
-0.545630
-0.545007
-0.544385
-0.543759
-0.543134
-0.542509
-0.541881
-0.541254
-0.540625
-0.539996
-0.539366
-0.538735
-0.538103
-0.537469
-0.536836
-0.536201
-0.535567
-0.534930
-0.534293
-0.533654
-0.533016
-0.532377
-0.531736
-0.531095
-0.530452
-0.529809
-0.529165
-0.528520
-0.527875
-0.527227
-0.526580
-0.525931
-0.525282
-0.524631
-0.523980
-0.523328
-0.522676
-0.522022
-0.521367
-0.520711
-0.520055
-0.519397
-0.518739
-0.518080
-0.517419
-0.516758
-0.516097
-0.515433
-0.514769
-0.514104
-0.513438
-0.512772
-0.512104
-0.511436
-0.510766
-0.510096
-0.509425
-0.508752
-0.508080
-0.507406
-0.506730
-0.506054
-0.505377
-0.504699
-0.504021
-0.503341
-0.502659
-0.501978
-0.501295
-0.500611
-0.499927
-0.499241
-0.498555
-0.497867
-0.497178
-0.496489
-0.495799
-0.495106
-0.494414
-0.493721
-0.493027
-0.492331
-0.491634
-0.490937
-0.490238
-0.489539
-0.488839
-0.488136
-0.487434
-0.486731
-0.486026
-0.485320
-0.484614
-0.483906
-0.483198
-0.482488
-0.481778
-0.481065
-0.480353
-0.479638
-0.478924
-0.478208
-0.477491
-0.476773
-0.476054
-0.475334
-0.474613
-0.473890
-0.473167
-0.472442
-0.471718
-0.470991
-0.470263
-0.469535
-0.468805
-0.468075
-0.467342
-0.466610
-0.465876
-0.465141
-0.464404
-0.463666
-0.462928
-0.462188
-0.461448
-0.460706
-0.459964
-0.459219
-0.458475
-0.457728
-0.456981
-0.456233
-0.455483
-0.454733
-0.453980
-0.453227
-0.452473
-0.451717
-0.450962
-0.450204
-0.449446
-0.448686
-0.447925
-0.447162
-0.446399
-0.445634
-0.444868
-0.444102
-0.443333
-0.442565
-0.441794
-0.441022
-0.440249
-0.439475
-0.438700
-0.437924
-0.437147
-0.436367
-0.435588
-0.434806
-0.434025
-0.433241
-0.432455
-0.431669
-0.430882
-0.430094
-0.429304
-0.428513
-0.427720
-0.426928
-0.426132
-0.425337
-0.424539
-0.423741
-0.422941
-0.422140
-0.421338
-0.420534
-0.419730
-0.418923
-0.418116
-0.417307
-0.416498
-0.415686
-0.414873
-0.414059
-0.413244
-0.412428
-0.411610
-0.410791
-0.409971
-0.409149
-0.408326
-0.407501
-0.406676
-0.405849
-0.405020
-0.404190
-0.403359
-0.402527
-0.401693
-0.400859
-0.400021
-0.399184
-0.398344
-0.397504
-0.396661
-0.395818
-0.394974
-0.394128
-0.393280
-0.392431
-0.391581
-0.390728
-0.389875
-0.389021
-0.388164
-0.387307
-0.386448
-0.385587
-0.384727
-0.383863
-0.382998
-0.382132
-0.381265
-0.380395
-0.379524
-0.378653
-0.377779
-0.376904
-0.376027
-0.375150
-0.374270
-0.373389
-0.372507
-0.371624
-0.370739
-0.369850
-0.368962
-0.368072
-0.367181
-0.366287
-0.365394
-0.364497
-0.363600
-0.362700
-0.361799
-0.360898
-0.359994
-0.359088
-0.358181
-0.357273
-0.356363
-0.355450
-0.354537
-0.353623
-0.352705
-0.351788
-0.350867
-0.349945
-0.349023
-0.348098
-0.347172
-0.346244
-0.345314
-0.344383
-0.343450
-0.342516
-0.341579
-0.340641
-0.339702
-0.338760
-0.337818
-0.336872
-0.335926
-0.334979
-0.334028
-0.333077
-0.332123
-0.331168
-0.330212
-0.329253
-0.328293
-0.327332
-0.326367
-0.325402
-0.324435
-0.323466
-0.322494
-0.321522
-0.320547
-0.319571
-0.318594
-0.317614
-0.316632
-0.315649
-0.314663
-0.313677
-0.312688
-0.311696
-0.310703
-0.309709
-0.308712
-0.307714
-0.306713
-0.305712
-0.304708
-0.303703
-0.302695
-0.301685
-0.300673
-0.299659
-0.298644
-0.297626
-0.296607
-0.295586
-0.294563
-0.293538
-0.292510
-0.291481
-0.290451
-0.289416
-0.288382
-0.287344
-0.286304
-0.285264
-0.284220
-0.283175
-0.282127
-0.281077
-0.280027
-0.278974
-0.277918
-0.276859
-0.275799
-0.274737
-0.273674
-0.272608
-0.271539
-0.270469
-0.269395
-0.268321
-0.267244
-0.266166
-0.265084
-0.264000
-0.262915
-0.261827
-0.260737
-0.259644
-0.258550
-0.257453
-0.256354
-0.255253
-0.254150
-0.253044
-0.251937
-0.250827
-0.249713
-0.248599
-0.247482
-0.246362
-0.245241
-0.244116
-0.242990
-0.241860
-0.240730
-0.239596
-0.238460
-0.237321
-0.236182
-0.235038
-0.233892
-0.232744
-0.231594
-0.230441
-0.229285
-0.228128
-0.226967
-0.225805
-0.224638
-0.223471
-0.222301
-0.221127
-0.219952
-0.218775
-0.217593
-0.216411
-0.215224
-0.214037
-0.212845
-0.211653
-0.210456
-0.209256
-0.208054
-0.206852
-0.205645
-0.204435
-0.203222
-0.202007
-0.200790
-0.199569
-0.198346
-0.197120
-0.195892
-0.194661
-0.193427
-0.192190
-0.190951
-0.189707
-0.188462
-0.187214
-0.185962
-0.184709
-0.183453
-0.182192
-0.180930
-0.179663
-0.178396
-0.177123
-0.175850
-0.174572
-0.173290
-0.172008
-0.170721
-0.169431
-0.168140
-0.166844
-0.165545
-0.164243
-0.162938
-0.161630
-0.160320
-0.159006
-0.157689
-0.156368
-0.155044
-0.153717
-0.152387
-0.151052
-0.149716
-0.148376
-0.147033
-0.145687
-0.144338
-0.142983
-0.141627
-0.140268
-0.138906
-0.137538
-0.136168
-0.134794
-0.133418
-0.132038
-0.130653
-0.129267
-0.127875
-0.126482
-0.125083
-0.123683
-0.122277
-0.120870
-0.119457
-0.118040
-0.116622
-0.115199
-0.113773
-0.112342
-0.110908
-0.109469
-0.108029
-0.106583
-0.105134
-0.103680
-0.102225
-0.100764
-0.099299
-0.097830
-0.096358
-0.094881
-0.093401
-0.091916
-0.090430
-0.088938
-0.087442
-0.085941
-0.084437
-0.082929
-0.081416
-0.079899
-0.078379
-0.076854
-0.075325
-0.073791
-0.072251
-0.070709
-0.069163
-0.067613
-0.066058
-0.064499
-0.062936
-0.061368
-0.059796
-0.058217
-0.056636
-0.055050
-0.053460
-0.051865
-0.050263
-0.048660
-0.047051
-0.045438
-0.043820
-0.042195
-0.040568
-0.038936
-0.037299
-0.035655
-0.034009
-0.032357
-0.030698
-0.029037
-0.027371
-0.025700
-0.024021
-0.022340
-0.020654
-0.018960
-0.017263
-0.015562
-0.013855
-0.012140
-0.010422
-0.008700
-0.006969
-0.005236
-0.003497
-0.001750
