-0.000000
0.026787
0.050140
0.070782
0.089302
0.106121
0.121481
0.135635
0.148778
0.161010
0.172464
0.183234
0.193413
0.203032
0.212165
0.220871
0.229163
0.237090
0.244683
0.251981
0.258984
0.265726
0.272234
0.278506
0.284567
0.290432
0.296120
0.301625
0.306968
0.312157
0.317201
0.322115
0.326891
0.331544
0.336080
0.340505
0.344830
0.349048
0.353169
0.357198
0.361139
0.364996
0.368772
0.372470
0.376095
0.379653
0.383137
0.386555
0.389910
0.393203
0.396437
0.399614
0.402736
0.405805
0.408823
0.411791
0.414711
0.417580
0.420408
0.423193
0.425935
0.428637
0.431298
0.433921
0.436506
0.439050
0.441564
0.444042
0.446487
0.448896
0.451276
0.453626
0.455945
0.458231
0.460492
0.462722
0.464928
0.467107
0.469257
0.471384
0.473484
0.475563
0.477615
0.479647
0.481653
0.483640
0.485603
0.487544
0.489468
0.491368
0.493252
0.495113
0.496955
0.498779
0.500587
0.502374
0.504144
0.505896
0.507632
0.509351
0.511057
0.512744
0.514415
0.516071
0.517712
0.519338
0.520950
0.522545
0.524128
0.525698
0.527254
0.528796
0.530326
0.531840
0.533344
0.534836
0.536313
0.537781
0.539236
0.540678
0.542110
0.543529
0.544939
0.546336
0.547725
0.549100
0.550465
0.551822
0.553167
0.554502
0.555829
0.557145
0.558450
0.559747
0.561034
0.562312
0.563581
0.564841
0.566093
0.567336
0.568570
0.569796
0.571014
0.572223
0.573423
0.574616
0.575802
0.576980
0.578148
0.579311
0.580464
0.581612
0.582751
0.583885
0.585009
0.586127
0.587240
0.588343
0.589441
0.590533
0.591617
0.592695
0.593766
0.594831
0.595889
0.596942
0.597988
0.599028
0.600063
0.601090
0.602112
0.603129
0.604140
0.605144
0.606144
0.607137
0.608126
0.609108
0.610086
0.611057
0.612024
0.612986
0.613942
0.614893
0.615839
0.616780
0.617716
0.618647
0.619574
0.620496
0.621413
0.622325
0.623233
0.624135
0.625034
0.625928
0.626816
0.627702
0.628582
0.629459
0.630330
0.631199
0.632062
0.632920
0.633775
0.634626
0.635474
0.636317
0.637156
0.637989
0.638821
0.639648
0.640471
0.641291
0.642106
0.642919
0.643727
0.644531
0.645333
0.646130
0.646923
0.647714
0.648500
0.649283
0.650063
0.650839
0.651612
0.652381
0.653148
0.653911
0.654671
0.655427
0.656180
0.656930
0.657676
0.658420
0.659160
0.659898
0.660632
0.661363
0.662092
0.662817
0.663539
0.664259
0.664975
0.665689
0.666399
0.667106
0.667811
0.668514
0.669212
0.669910
0.670604
0.671294
0.671982
0.672669
0.673352
0.674032
0.674709
0.675384
0.676057
0.676727
0.677394
0.678060
0.678721
0.679381
0.680039
0.680694
0.681347
0.681996
0.682644
0.683290
0.683932
0.684573
0.685211
0.685847
0.686481
0.687112
0.687741
0.688367
0.688992
0.689615
0.690235
0.690853
0.691468
0.692082
0.692694
0.693303
0.693910
0.694515
0.695118
0.695719
0.696317
0.696914
0.697509
0.698101
0.698693
0.699281
0.699868
0.700453
0.701035
0.701616
0.702196
0.702773
0.703347
0.703920
0.704492
0.705061
0.705628
0.706194
0.706758
0.707320
0.707880
0.708439
0.708996
0.709551
0.710104
0.710655
0.711205
0.711752
0.712298
0.712843
0.713385
0.713927
0.714466
0.715003
0.715540
0.716074
0.716606
0.717137
0.717667
0.718194
0.718720
0.719245
0.719767
0.720289
0.720809
0.721327
0.721844
0.722359
0.722872
0.723384
0.723895
0.724404
0.724912
0.725417
0.725922
0.726425
0.726927
0.727427
0.727926
0.728423
0.728918
0.729413
0.729906
0.730398
0.730888
0.731376
0.731864
0.732350
0.732835
0.733318
0.733799
0.734280
0.734759
0.735237
0.735713
0.736189
0.736662
0.737135
0.737606
0.738076
0.738545
0.739012
0.739478
0.739943
0.740406
0.740869
0.741330
0.741789
0.742248
0.742705
0.743162
0.743616
0.744070
0.744522
0.744974
0.745424
0.745873
0.746321
0.746767
0.747212
0.747656
0.748099
0.748541
0.748982
0.749421
0.749860
0.750297
0.750733
0.751168
0.751602
0.752035
0.752466
0.752897
0.753327
0.753755
0.754183
0.754608
0.755034
0.755458
0.755881
0.756303
0.756724
0.757143
0.757562
0.757980
0.758397
0.758812
0.759227
0.759641
0.760054
0.760465
0.760876
0.761285
0.761694
0.762102
0.762508
0.762914
0.763318
0.763722
0.764125
0.764527
0.764928
0.765327
0.765726
0.766124
0.766521
0.766917
0.767312
0.767707
0.768100
0.768492
0.768884
0.769274
0.769664
0.770052
0.770440
0.770827
0.771213
0.771598
0.771982
0.772365
0.772748
0.773129
0.773510
0.773889
0.774268
0.774647
0.775024
0.775400
0.775775
0.776150
0.776524
0.776896
0.777269
0.777640
0.778010
0.778380
0.778749
0.779117
0.779484
0.779850
0.780216
0.780580
0.780944
0.781307
0.781669
0.782031
0.782392
0.782752
0.783110
0.783469
0.783827
0.784183
0.784539
0.784894
0.785249
0.785602
0.785955
0.786308
0.786659
0.787010
0.787360
0.787709
0.788057
0.788405
0.788752
0.789098
0.789443
0.789788
0.790132
0.790475
0.790818
0.791160
0.791501
0.791841
0.792181
0.792520
0.792858
0.793196
0.793533
0.793869
0.794204
0.794539
0.794873
0.795206
0.795539
0.795871
0.796202
0.796534
0.796863
0.797193
0.797521
0.797849
0.798176
0.798503
0.798829
0.799155
0.799479
0.799803
0.800127
0.800449
0.800772
0.801093
0.801413
0.801734
0.802053
0.802372
0.802691
0.803008
0.803325
0.803641
0.803957
0.804272
0.804587
0.804901
0.805214
0.805526
0.805839
0.806150
0.806461
0.806771
0.807081
0.807390
0.807698
0.808006
0.808313
0.808620
0.808926
0.809231
0.809536
0.809840
0.810144
0.810447
0.810750
0.811052
0.811353
0.811654
0.811954
0.812254
0.812553
0.812852
0.813150
0.813447
0.813744
0.814040
0.814336
0.814631
0.814926
0.815220
0.815513
0.815806
0.816099
0.816391
0.816682
0.816973
0.817263
0.817553
0.817842
0.818130
0.818419
0.818706
0.818994
0.819280
0.819566
0.819852
0.820136
0.820421
0.820705
0.820989
0.821271
0.821554
0.821835
0.822117
0.822398
0.822678
0.822958
0.823237
0.823516
0.823794
0.824072
0.824350
0.824627
0.824903
0.825179
0.825454
0.825729
0.826003
0.826277
0.826551
0.826824
0.827096
0.827368
0.827640
0.827910
0.828181
0.828451
0.828721
0.828990
0.829259
0.829527
0.829794
0.830062
0.830329
0.830595
0.830861
0.831126
0.831391
0.831655
0.831920
0.832183
0.832446
0.832709
0.832971
0.833233
0.833494
0.833755
0.834015
0.834275
0.834535
0.834794
0.835052
0.835310
0.835568
0.835826
0.836082
0.836339
0.836595
0.836850
0.837105
0.837360
0.837614
0.837868
0.838122
0.838375
0.838627
0.838879
0.839131
0.839383
0.839633
0.839884
0.840134
0.840384
0.840633
0.840881
0.841130
0.841378
0.841626
0.841873
0.842119
0.842365
0.842611
0.842857
0.843102
0.843347
0.843591
0.843835
0.844078
0.844321
0.844564
0.844807
0.845049
0.845290
0.845531
0.845772
0.846012
0.846252
0.846492
0.846731
0.846970
0.847208
0.847446
0.847684
0.847921
0.848158
0.848394
0.848631
0.848866
0.849102
0.849337
0.849571
0.849805
0.850039
0.850273
0.850506
0.850739
0.850971
0.851203
0.851435
0.851666
0.851897
0.852127
0.852357
0.852587
0.852816
0.853045
0.853274
0.853503
0.853731
0.853958
0.854186
0.854413
0.854639
0.854865
0.855091
0.855316
0.855542
0.855767
0.855991
0.856215
0.856439
0.856662
0.856885
0.857108
0.857330
0.857552
0.857774
0.857995
0.858217
0.858437
0.858657
0.858877
0.859097
0.859316
0.859535
0.859754
0.859972
0.860190
0.860408
0.860625
0.860842
0.861059
0.861275
0.861491
0.861706
0.861922
0.862137
0.862351
0.862566
0.862780
0.862993
0.863207
0.863420
0.863632
0.863845
0.864057
0.864269
0.864480
0.864691
0.864902
0.865112
0.865322
0.865532
0.865742
0.865951
0.866160
0.866369
0.866577
0.866785
0.866992
0.867200
0.867407
0.867614
0.867820
0.868026
0.868232
0.868437
0.868643
0.868848
0.869052
0.869256
0.869460
0.869664
0.869868
0.870071
0.870273
0.870476
0.870678
0.870880
0.871082
0.871283
0.871484
0.871684
0.871885
0.872085
0.872285
0.872485
0.872684
0.872883
0.873081
0.873280
0.873478
0.873676
0.873873
0.874071
0.874267
0.874464
0.874660
0.874857
0.875052
0.875248
0.875443
0.875638
0.875833
0.876027
0.876221
0.876415
0.876609
0.876802
0.876995
0.877188
0.877380
0.877572
0.877764
0.877956
0.878147
0.878338
0.878529
0.878720
0.878910
0.879100
0.879290
0.879479
0.879668
0.879857
0.880046
0.880234
0.880423
0.880610
0.880798
0.880985
0.881172
0.881359
0.881545
0.881732
0.881918
0.882103
0.882289
0.882474
0.882659
0.882844
0.883028
0.883213
0.883396
0.883580
0.883763
0.883947
0.884129
0.884312
0.884495
0.884676
0.884859
0.885040
0.885221
0.885403
0.885583
0.885764
0.885944
0.886124
0.886304
0.886484
0.886663
0.886842
0.887021
0.887200
0.887378
0.887556
0.887734
0.887912
0.888089
0.888266
0.888443
0.888620
0.888796
0.888972
0.889148
0.889324
0.889499
0.889674
0.889849
0.890024
0.890199
0.890373
0.890547
0.890720
0.890894
0.891067
0.891240
0.891413
0.891586
0.891758
0.891930
0.892102
0.892274
0.892445
0.892616
0.892787
0.892958
0.893128
0.893298
0.893468
0.893638
0.893808
0.893977
0.894146
0.894315
0.894484
0.894652
0.894820
0.894988
0.895156
0.895323
0.895490
0.895657
0.895824
0.895991
0.896157
0.896324
0.896489
0.896655
0.896820
0.896986
0.897151
0.897315
0.897480
0.897644
0.897809
0.897973
0.898136
0.898300
0.898463
0.898626
0.898789
0.898951
0.899114
0.899276
0.899438
0.899600
0.899761
0.899922
0.900083
0.900244
0.900405
0.900566
0.900726
0.900886
0.901046
0.901205
0.901365
0.901524
0.901683
0.901841
0.902000
0.902158
0.902316
0.902474
0.902632
0.902790
0.902947
0.903104
0.903261
0.903417
0.903574
0.903730
0.903886
0.904042
0.904198
0.904353
0.904509
0.904663
0.904818
0.904973
0.905127
0.905282
0.905436
0.905589
0.905743
0.905896
0.906050
0.906203
0.906355
0.906508
0.906660
0.906813
0.906965
0.907117
0.907268
0.907419
0.907571
0.907722
0.907873
0.908023
0.908174
0.908324
0.908474
0.908624
0.908773
0.908923
0.909072
0.909221
0.909370
0.909519
0.909667
0.909815
0.909963
0.910111
0.910259
0.910406
0.910554
0.910701
0.910848
0.910995
0.911141
0.911288
0.911434
0.911580
0.911726
0.911871
0.912017
0.912162
0.912307
0.912452
0.912596
0.912741
0.912885
0.913030
0.913173
0.913317
0.913460
0.913604
0.913747
0.913890
0.914033
0.914176
0.914318
0.914460
0.914603
0.914744
0.914886
0.915028
0.915169
0.915310
0.915451
0.915592
0.915733
0.915873
0.916014
0.916154
0.916294
0.916433
0.916573
0.916712
0.916852
0.916990
0.917129
0.917268
0.917406
0.917545
0.917683
0.917821
0.917959
0.918096
0.918234
0.918371
0.918508
0.918645
0.918782
0.918918
0.919055
0.919191
0.919327
0.919463
0.919598
0.919734
0.919869
0.920004
0.920140
0.920274
0.920409
0.920544
0.920678
0.920812
0.920946
0.921080
0.921213
0.921347
0.921480
0.921613
0.921746
0.921879
0.922012
0.922144
0.922276
0.922409
0.922541
0.922672
0.922804
0.922935
0.923067
0.923198
0.923329
0.923460
0.923590
0.923721
0.923851
0.923981
0.924111
0.924241
0.924371
0.924500
0.924629
0.924758
0.924887
0.925016
0.925145
0.925274
0.925402
0.925530
0.925658
0.925786
0.925913
0.926041
0.926168
0.926296
0.926423
0.926549
0.926676
0.926803
0.926929
0.927055
0.927181
0.927307
0.927433
0.927559
0.927684
0.927809
0.927935
0.928060
0.928184
0.928309
0.928434
0.928558
0.928682
0.928806
0.928930
0.929054
0.929177
0.929301
0.929424
0.929547
0.929670
0.929793
0.929916
0.930038
0.930160
0.930282
0.930405
0.930526
0.930648
0.930770
0.930891
0.931012
0.931133
0.931254
0.931375
0.931496
0.931616
0.931737
0.931857
0.931977
0.932097
0.932217
0.932336
0.932456
0.932575
0.932694
0.932813
0.932932
0.933051
0.933169
0.933288
0.933406
0.933524
0.933642
0.933760
0.933878
0.933995
0.934112
0.934230
0.934347
0.934464
0.934580
0.934697
0.934813
0.934930
0.935046
0.935162
0.935278
0.935394
0.935509
0.935625
0.935740
0.935855
0.935970
0.936085
0.936200
0.936315
0.936429
0.936543
0.936658
0.936772
0.936886
0.936999
0.937113
0.937226
0.937340
0.937453
0.937566
0.937679
0.937792
0.937904
0.938017
0.938129
0.938241
0.938353
0.938465
0.938577
0.938689
0.938800
0.938911
0.939023
0.939134
0.939245
0.939355
0.939466
0.939577
0.939687
0.939797
0.939907
0.940017
0.940127
0.940237
0.940346
0.940456
0.940565
0.940674
0.940783
0.940892
0.941001
0.941109
0.941218
0.941326
0.941434
0.941542
0.941650
0.941758
0.941866
0.941973
0.942081
0.942188
0.942295
0.942402
0.942509
0.942615
0.942722
0.942828
0.942935
0.943041
0.943147
0.943253
0.943359
0.943464
0.943570
0.943675
0.943780
0.943885
0.943990
0.944095
0.944200
0.944304
0.944409
0.944513
0.944618
0.944722
0.944825
0.944929
0.945033
0.945136
0.945240
0.945343
0.945446
0.945549
0.945652
0.945755
0.945858
0.945960
0.946062
0.946165
0.946267
0.946369
0.946471
0.946572
0.946674
0.946775
0.946877
0.946978
0.947079
0.947180
0.947281
0.947381
0.947482
0.947582
0.947683
0.947783
0.947883
0.947983
0.948083
0.948182
0.948282
0.948382
0.948481
0.948580
0.948679
0.948778
0.948877
0.948976
0.949074
0.949173
0.949271
0.949369
0.949467
0.949565
0.949663
0.949760
0.949858
0.949956
0.950053
0.950150
0.950247
0.950344
0.950441
0.950538
0.950634
0.950731
0.950827
0.950923
0.951019
0.951115
0.951211
0.951307
0.951403
0.951498
0.951593
0.951689
0.951784
0.951879
0.951974
0.952068
0.952163
0.952258
0.952352
0.952446
0.952540
0.952634
0.952728
0.952822
0.952916
0.953009
0.953103
0.953196
0.953289
0.953382
0.953475
0.953568
0.953661
0.953754
0.953846
0.953939
0.954031
0.954123
0.954215
0.954307
0.954399
0.954490
0.954582
0.954673
0.954765
0.954856
0.954947
0.955038
0.955129
0.955219
0.955310
0.955400
0.955491
0.955581
0.955671
0.955761
0.955851
0.955941
0.956031
0.956120
0.956210
0.956299
0.956388
0.956477
0.956566
0.956655
0.956744
0.956833
0.956921
0.957010
0.957098
0.957186
0.957274
0.957362
0.957450
0.957538
0.957626
0.957713
0.957800
0.957888
0.957975
0.958062
0.958149
0.958236
0.958322
0.958409
0.958495
0.958582
0.958668
0.958754
0.958840
0.958926
0.959012
0.959098
0.959184
0.959269
0.959354
0.959439
0.959525
0.959610
0.959695
0.959780
0.959864
0.959949
0.960033
0.960118
0.960202
0.960286
0.960370
0.960454
0.960538
0.960622
0.960705
0.960789
0.960872
0.960955
0.961039
0.961122
0.961205
0.961288
0.961370
0.961453
0.961535
0.961618
0.961700
0.961782
0.961865
0.961946
0.962028
0.962110
0.962192
0.962273
0.962355
0.962436
0.962517
0.962598
0.962679
0.962760
0.962841
0.962922
0.963002
0.963083
0.963163
0.963243
0.963324
0.963404
0.963484
0.963563
0.963643
0.963723
0.963803
0.963882
0.963961
0.964040
0.964119
0.964198
0.964277
0.964356
0.964435
0.964513
0.964592
0.964670
0.964748
0.964826
0.964905
0.964983
0.965060
0.965138
0.965216
0.965293
0.965371
0.965448
0.965525
0.965602
0.965679
0.965756
0.965833
0.965910
0.965986
0.966063
0.966139
0.966215
0.966292
0.966368
0.966444
0.966519
0.966595
0.966671
0.966747
0.966822
0.966897
0.966973
0.967048
0.967123
0.967198
0.967273
0.967347
0.967422
0.967497
0.967571
0.967645
0.967719
0.967794
0.967868
0.967942
0.968015
0.968089
0.968163
0.968236
0.968310
0.968383
0.968456
0.968529
0.968602
0.968675
0.968748
0.968821
0.968894
0.968966
0.969038
0.969111
0.969183
0.969255
0.969327
0.969399
0.969471
0.969543
0.969614
0.969686
0.969757
0.969828
0.969900
0.969971
0.970042
0.970113
0.970184
0.970254
0.970325
0.970396
0.970466
0.970536
0.970607
0.970677
0.970747
0.970817
0.970887
0.970956
0.971026
0.971096
0.971165
0.971234
0.971304
0.971373
0.971442
0.971511
0.971580
0.971649
0.971717
0.971786
0.971854
0.971923
0.971991
0.972059
0.972127
0.972195
0.972263
0.972331
0.972399
0.972466
0.972534
0.972601
0.972669
0.972736
0.972803
0.972870
0.972937
0.973004
0.973071
0.973137
0.973204
0.973270
0.973337
0.973403
0.973469
0.973535
0.973601
0.973667
0.973733
0.973799
0.973864
0.973930
0.973995
0.974060
0.974126
0.974191
0.974256
0.974321
0.974386
0.974451
0.974515
0.974580
0.974644
0.974709
0.974773
0.974837
0.974901
0.974965
0.975029
0.975093
0.975157
0.975220
0.975284
0.975347
0.975411
0.975474
0.975537
0.975600
0.975663
0.975726
0.975789
0.975851
0.975914
0.975977
0.976039
0.976101
0.976164
0.976226
0.976288
0.976350
0.976412
0.976473
0.976535
0.976597
0.976658
0.976720
0.976781
0.976842
0.976903
0.976964
0.977025
0.977086
0.977147
0.977208
0.977268
0.977329
0.977389
0.977450
0.977510
0.977570
0.977630
0.977690
0.977750
0.977810
0.977869
0.977929
0.977988
0.978048
0.978107
0.978166
0.978225
0.978285
0.978344
0.978402
0.978461
0.978520
0.978578
0.978637
0.978695
0.978754
0.978812
0.978870
0.978928
0.978986
0.979044
0.979102
0.979159
0.979217
0.979275
0.979332
0.979389
0.979447
0.979504
0.979561
0.979618
0.979675
0.979732
0.979788
0.979845
0.979902
0.979958
0.980014
0.980071
0.980127
0.980183
0.980239
0.980295
0.980351
0.980406
0.980462
0.980518
0.980573
0.980629
0.980684
0.980739
0.980794
0.980849
0.980904
0.980959
0.981014
0.981069
0.981123
0.981178
0.981232
0.981287
0.981341
0.981395
0.981449
0.981503
0.981557
0.981611
0.981665
0.981718
0.981772
0.981825
0.981879
0.981932
0.981985
0.982038
0.982091
0.982144
0.982197
0.982250
0.982303
0.982355
0.982408
0.982460
0.982513
0.982565
0.982617
0.982669
0.982721
0.982773
0.982825
0.982877
0.982928
0.982980
0.983031
0.983083
0.983134
0.983185
0.983236
0.983288
0.983339
0.983390
0.983440
0.983491
0.983542
0.983592
0.983643
0.983693
0.983743
0.983794
0.983844
0.983894
0.983944
0.983994
0.984044
0.984093
0.984143
0.984192
0.984242
0.984291
0.984340
0.984390
0.984439
0.984488
0.984537
0.984586
0.984634
0.984683
0.984732
0.984780
0.984829
0.984877
0.984925
0.984973
0.985022
0.985070
0.985118
0.985166
0.985213
0.985261
0.985309
0.985356
0.985404
0.985451
0.985498
0.985545
0.985593
0.985640
0.985686
0.985733
0.985780
0.985827
0.985873
0.985920
0.985966
0.986013
0.986059
0.986105
0.986151
0.986197
0.986243
0.986289
0.986335
0.986381
0.986426
0.986472
0.986517
0.986563
0.986608
0.986653
0.986698
0.986743
0.986788
0.986833
0.986878
0.986923
0.986967
0.987012
0.987056
0.987101
0.987145
0.987189
0.987233
0.987277
0.987321
0.987365
0.987409
0.987453
0.987496
0.987540
0.987584
0.987627
0.987670
0.987714
0.987757
0.987800
0.987843
0.987886
0.987929
0.987971
0.988014
0.988057
0.988099
0.988142
0.988184
0.988226
0.988268
0.988311
0.988353
0.988394
0.988436
0.988478
0.988520
0.988561
0.988603
0.988644
0.988686
0.988727
0.988768
0.988810
0.988851
0.988891
0.988933
0.988973
0.989014
0.989055
0.989095
0.989136
0.989176
0.989217
0.989257
0.989297
0.989337
0.989377
0.989417
0.989457
0.989497
0.989536
0.989576
0.989616
0.989655
0.989695
0.989734
0.989773
0.989812
0.989851
0.989890
0.989929
0.989968
0.990007
0.990045
0.990084
0.990123
0.990161
0.990199
0.990238
0.990276
0.990314
0.990352
0.990390
0.990428
0.990466
0.990503
0.990541
0.990579
0.990616
0.990653
0.990691
0.990728
0.990765
0.990802
0.990839
0.990876
0.990913
0.990950
0.990987
0.991023
0.991060
0.991096
0.991133
0.991169
0.991205
0.991241
0.991277
0.991313
0.991349
0.991385
0.991421
0.991457
0.991492
0.991528
0.991563
0.991599
0.991634
0.991669
0.991704
0.991739
0.991774
0.991809
0.991844
0.991879
0.991914
0.991948
0.991983
0.992017
0.992051
0.992086
0.992120
0.992154
0.992188
0.992222
0.992256
0.992290
0.992324
0.992357
0.992391
0.992424
0.992458
0.992491
0.992524
0.992558
0.992591
0.992624
0.992657
0.992690
0.992723
0.992755
0.992788
0.992821
0.992853
0.992885
0.992918
0.992950
0.992982
0.993015
0.993047
0.993079
0.993110
0.993142
0.993174
0.993206
0.993237
0.993269
0.993300
0.993332
0.993363
0.993394
0.993425
0.993456
0.993487
0.993518
0.993549
0.993580
0.993611
0.993641
0.993672
0.993702
0.993733
0.993763
0.993793
0.993823
0.993853
0.993883
0.993913
0.993943
0.993973
0.994002
0.994032
0.994062
0.994091
0.994120
0.994150
0.994179
0.994208
0.994237
0.994266
0.994295
0.994324
0.994353
0.994382
0.994410
0.994439
0.994467
0.994496
0.994524
0.994552
0.994581
0.994609
0.994637
0.994665
0.994693
0.994720
0.994748
0.994776
0.994803
0.994831
0.994858
0.994886
0.994913
0.994940
0.994967
0.994994
0.995021
0.995048
0.995075
0.995102
0.995128
0.995155
0.995182
0.995208
0.995234
0.995261
0.995287
0.995313
0.995339
0.995365
0.995391
0.995417
0.995443
0.995468
0.995494
0.995520
0.995545
0.995571
0.995596
0.995621
0.995646
0.995671
0.995696
0.995721
0.995746
0.995771
0.995796
0.995821
0.995845
0.995870
0.995894
0.995919
0.995943
0.995967
0.995991
0.996015
0.996039
0.996063
0.996087
0.996111
0.996134
0.996158
0.996182
0.996205
0.996229
0.996252
0.996275
0.996298
0.996321
0.996345
0.996367
0.996390
0.996413
0.996436
0.996459
0.996481
0.996504
0.996526
0.996549
0.996571
0.996593
0.996615
0.996637
0.996659
0.996681
0.996703
0.996725
0.996747
0.996768
0.996790
0.996811
0.996833
0.996854
0.996875
0.996897
0.996918
0.996939
0.996960
0.996981
0.997001
0.997022
0.997043
0.997063
0.997084
0.997105
0.997125
0.997145
0.997166
0.997186
0.997206
0.997226
0.997246
0.997265
0.997285
0.997305
0.997325
0.997344
0.997364
0.997383
0.997403
0.997422
0.997441
0.997460
0.997479
0.997498
0.997517
0.997536
0.997555
0.997574
0.997592
0.997611
0.997630
0.997648
0.997666
0.997684
0.997703
0.997721
0.997739
0.997757
0.997775
0.997792
0.997810
0.997828
0.997846
0.997863
0.997881
0.997898
0.997915
0.997933
0.997950
0.997967
0.997984
0.998001
0.998018
0.998035
0.998051
0.998068
0.998085
0.998101
0.998118
0.998134
0.998150
0.998167
0.998183
0.998199
0.998215
0.998231
0.998247
0.998263
0.998278
0.998294
0.998310
0.998325
0.998341
0.998356
0.998371
0.998387
0.998402
0.998417
0.998432
0.998447
0.998462
0.998476
0.998491
0.998506
0.998520
0.998535
0.998549
0.998564
0.998578
0.998592
0.998606
0.998620
0.998634
0.998648
0.998662
0.998676
0.998690
0.998703
0.998717
0.998730
0.998744
0.998757
0.998771
0.998784
0.998797
0.998810
0.998823
0.998836
0.998849
0.998861
0.998874
0.998887
0.998899
0.998912
0.998924
0.998937
0.998949
0.998961
0.998973
0.998985
0.998997
0.999009
0.999021
0.999033
0.999045
0.999056
0.999068
0.999079
0.999091
0.999102
0.999113
0.999125
0.999136
0.999147
0.999158
0.999169
0.999180
0.999190
0.999201
0.999212
0.999222
0.999233
0.999243
0.999254
0.999264
0.999274
0.999284
0.999294
0.999304
0.999314
0.999324
0.999334
0.999343
0.999353
0.999363
0.999372
0.999382
0.999391
0.999400
0.999409
0.999418
0.999427
0.999436
0.999445
0.999454
0.999463
0.999472
0.999480
0.999489
0.999497
0.999506
0.999514
0.999522
0.999531
0.999539
0.999547
0.999555
0.999563
0.999571
0.999578
0.999586
0.999594
0.999601
0.999609
0.999616
0.999624
0.999631
0.999638
0.999645
0.999652
0.999659
0.999666
0.999673
0.999680
0.999686
0.999693
0.999700
0.999706
0.999713
0.999719
0.999725
0.999731
0.999738
0.999744
0.999750
0.999756
0.999761
0.999767
0.999773
0.999779
0.999784
0.999790
0.999795
0.999801
0.999806
0.999811
0.999816
0.999821
0.999826
0.999831
0.999836
0.999841
0.999845
0.999850
0.999855
0.999859
0.999864
0.999868
0.999872
0.999877
0.999881
0.999885
0.999889
0.999893
0.999897
0.999900
0.999904
0.999908
0.999911
0.999915
0.999918
0.999922
0.999925
0.999928
0.999931
0.999934
0.999937
0.999940
0.999943
0.999946
0.999949
0.999951
0.999954
0.999957
0.999959
0.999961
0.999964
0.999966
0.999968
0.999970
0.999972
0.999974
0.999976
0.999978
0.999979
0.999981
0.999983
0.999984
0.999986
0.999987
0.999988
0.999990
0.999991
0.999992
0.999993
0.999994
0.999995
0.999996
0.999996
0.999997
0.999998
0.999998
0.999999
0.999999
0.999999
1.000000
1.000000
1.000000
1.000000
1.000000
1.000000
1.000000
0.999999
0.999999
0.999999
0.999998
0.999998
0.999997
0.999996
0.999996
0.999995
0.999994
0.999993
0.999992
0.999991
0.999990
0.999988
0.999987
0.999986
0.999984
0.999983
0.999981
0.999979
0.999978
0.999976
0.999974
0.999972
0.999970
0.999968
0.999966
0.999964
0.999961
0.999959
0.999957
0.999954
0.999951
0.999949
0.999946
0.999943
0.999940
0.999937
0.999934
0.999931
0.999928
0.999925
0.999922
0.999918
0.999915
0.999911
0.999908
0.999904
0.999900
0.999897
0.999893
0.999889
0.999885
0.999881
0.999877
0.999872
0.999868
0.999864
0.999859
0.999855
0.999850
0.999845
0.999841
0.999836
0.999831
0.999826
0.999821
0.999816
0.999811
0.999806
0.999801
0.999795
0.999790
0.999784
0.999779
0.999773
0.999767
0.999761
0.999756
0.999750
0.999744
0.999738
0.999731
0.999725
0.999719
0.999713
0.999706
0.999700
0.999693
0.999686
0.999680
0.999673
0.999666
0.999659
0.999652
0.999645
0.999638
0.999631
0.999624
0.999616
0.999609
0.999601
0.999594
0.999586
0.999578
0.999571
0.999563
0.999555
0.999547
0.999539
0.999531
0.999522
0.999514
0.999506
0.999497
0.999489
0.999480
0.999472
0.999463
0.999454
0.999445
0.999436
0.999427
0.999418
0.999409
0.999400
0.999391
0.999382
0.999372
0.999363
0.999353
0.999343
0.999334
0.999324
0.999314
0.999304
0.999294
0.999284
0.999274
0.999264
0.999254
0.999243
0.999233
0.999222
0.999212
0.999201
0.999190
0.999180
0.999169
0.999158
0.999147
0.999136
0.999125
0.999113
0.999102
0.999091
0.999079
0.999068
0.999056
0.999045
0.999033
0.999021
0.999009
0.998997
0.998985
0.998973
0.998961
0.998949
0.998937
0.998924
0.998912
0.998899
0.998887
0.998874
0.998861
0.998849
0.998836
0.998823
0.998810
0.998797
0.998784
0.998771
0.998757
0.998744
0.998730
0.998717
0.998703
0.998690
0.998676
0.998662
0.998648
0.998634
0.998620
0.998606
0.998592
0.998578
0.998564
0.998549
0.998535
0.998520
0.998506
0.998491
0.998476
0.998462
0.998447
0.998432
0.998417
0.998402
0.998387
0.998371
0.998356
0.998341
0.998325
0.998310
0.998294
0.998278
0.998263
0.998247
0.998231
0.998215
0.998199
0.998183
0.998167
0.998150
0.998134
0.998118
0.998101
0.998085
0.998068
0.998051
0.998035
0.998018
0.998001
0.997984
0.997967
0.997950
0.997933
0.997915
0.997898
0.997881
0.997863
0.997846
0.997828
0.997810
0.997792
0.997775
0.997757
0.997739
0.997721
0.997703
0.997684
0.997666
0.997648
0.997630
0.997611
0.997592
0.997574
0.997555
0.997536
0.997517
0.997498
0.997479
0.997460
0.997441
0.997422
0.997403
0.997383
0.997364
0.997344
0.997325
0.997305
0.997285
0.997265
0.997246
0.997226
0.997206
0.997186
0.997166
0.997145
0.997125
0.997105
0.997084
0.997063
0.997043
0.997022
0.997001
0.996981
0.996960
0.996939
0.996918
0.996897
0.996875
0.996854
0.996833
0.996811
0.996790
0.996768
0.996747
0.996725
0.996703
0.996681
0.996659
0.996637
0.996615
0.996593
0.996571
0.996549
0.996526
0.996504
0.996481
0.996459
0.996436
0.996413
0.996390
0.996367
0.996345
0.996321
0.996298
0.996275
0.996252
0.996229
0.996205
0.996182
0.996158
0.996134
0.996111
0.996087
0.996063
0.996039
0.996015
0.995991
0.995967
0.995943
0.995919
0.995894
0.995870
0.995845
0.995821
0.995796
0.995771
0.995746
0.995721
0.995696
0.995671
0.995646
0.995621
0.995596
0.995571
0.995545
0.995520
0.995494
0.995468
0.995443
0.995417
0.995391
0.995365
0.995339
0.995313
0.995287
0.995261
0.995234
0.995208
0.995182
0.995155
0.995128
0.995102
0.995075
0.995048
0.995021
0.994994
0.994967
0.994940
0.994913
0.994886
0.994858
0.994831
0.994803
0.994776
0.994748
0.994720
0.994693
0.994665
0.994637
0.994609
0.994581
0.994552
0.994524
0.994496
0.994467
0.994439
0.994410
0.994382
0.994353
0.994324
0.994295
0.994266
0.994237
0.994208
0.994179
0.994150
0.994120
0.994091
0.994062
0.994032
0.994002
0.993973
0.993943
0.993913
0.993883
0.993853
0.993823
0.993793
0.993763
0.993733
0.993702
0.993672
0.993641
0.993611
0.993580
0.993549
0.993518
0.993487
0.993456
0.993425
0.993394
0.993363
0.993332
0.993300
0.993269
0.993237
0.993206
0.993174
0.993142
0.993110
0.993079
0.993047
0.993015
0.992982
0.992950
0.992918
0.992885
0.992853
0.992821
0.992788
0.992755
0.992723
0.992690
0.992657
0.992624
0.992591
0.992558
0.992524
0.992491
0.992458
0.992424
0.992391
0.992357
0.992324
0.992290
0.992256
0.992222
0.992188
0.992154
0.992120
0.992086
0.992051
0.992017
0.991983
0.991948
0.991914
0.991879
0.991844
0.991809
0.991774
0.991739
0.991704
0.991669
0.991634
0.991599
0.991563
0.991528
0.991492
0.991457
0.991421
0.991385
0.991349
0.991313
0.991277
0.991241
0.991205
0.991169
0.991133
0.991096
0.991060
0.991023
0.990987
0.990950
0.990913
0.990876
0.990839
0.990802
0.990765
0.990728
0.990691
0.990653
0.990616
0.990579
0.990541
0.990503
0.990466
0.990428
0.990390
0.990352
0.990314
0.990276
0.990238
0.990199
0.990161
0.990123
0.990084
0.990045
0.990007
0.989968
0.989929
0.989890
0.989851
0.989812
0.989773
0.989734
0.989695
0.989655
0.989616
0.989576
0.989536
0.989497
0.989457
0.989417
0.989377
0.989337
0.989297
0.989257
0.989217
0.989176
0.989136
0.989095
0.989055
0.989014
0.988973
0.988933
0.988891
0.988851
0.988810
0.988768
0.988727
0.988686
0.988644
0.988603
0.988561
0.988520
0.988478
0.988436
0.988394
0.988353
0.988311
0.988268
0.988226
0.988184
0.988142
0.988099
0.988057
0.988014
0.987971
0.987929
0.987886
0.987843
0.987800
0.987757
0.987714
0.987670
0.987627
0.987584
0.987540
0.987496
0.987453
0.987409
0.987365
0.987321
0.987277
0.987233
0.987189
0.987145
0.987101
0.987056
0.987012
0.986967
0.986923
0.986878
0.986833
0.986788
0.986743
0.986698
0.986653
0.986608
0.986563
0.986517
0.986472
0.986426
0.986381
0.986335
0.986289
0.986243
0.986197
0.986151
0.986105
0.986059
0.986013
0.985966
0.985920
0.985873
0.985827
0.985780
0.985733
0.985686
0.985640
0.985593
0.985545
0.985498
0.985451
0.985404
0.985356
0.985309
0.985261
0.985213
0.985166
0.985118
0.985070
0.985022
0.984973
0.984925
0.984877
0.984829
0.984780
0.984732
0.984683
0.984634
0.984586
0.984537
0.984488
0.984439
0.984390
0.984340
0.984291
0.984242
0.984192
0.984143
0.984093
0.984044
0.983994
0.983944
0.983894
0.983844
0.983794
0.983743
0.983693
0.983643
0.983592
0.983542
0.983491
0.983440
0.983390
0.983339
0.983288
0.983236
0.983185
0.983134
0.983083
0.983031
0.982980
0.982928
0.982877
0.982825
0.982773
0.982721
0.982669
0.982617
0.982565
0.982513
0.982460
0.982408
0.982355
0.982303
0.982250
0.982197
0.982144
0.982091
0.982038
0.981985
0.981932
0.981879
0.981825
0.981772
0.981718
0.981665
0.981611
0.981557
0.981503
0.981449
0.981395
0.981341
0.981287
0.981232
0.981178
0.981123
0.981069
0.981014
0.980959
0.980904
0.980849
0.980794
0.980739
0.980684
0.980629
0.980573
0.980518
0.980462
0.980406
0.980351
0.980295
0.980239
0.980183
0.980127
0.980071
0.980014
0.979958
0.979902
0.979845
0.979788
0.979732
0.979675
0.979618
0.979561
0.979504
0.979447
0.979389
0.979332
0.979275
0.979217
0.979159
0.979102
0.979044
0.978986
0.978928
0.978870
0.978812
0.978754
0.978695
0.978637
0.978578
0.978520
0.978461
0.978402
0.978344
0.978285
0.978225
0.978166
0.978107
0.978048
0.977988
0.977929
0.977869
0.977810
0.977750
0.977690
0.977630
0.977570
0.977510
0.977450
0.977389
0.977329
0.977268
0.977208
0.977147
0.977086
0.977025
0.976964
0.976903
0.976842
0.976781
0.976720
0.976658
0.976597
0.976535
0.976473
0.976412
0.976350
0.976288
0.976226
0.976164
0.976101
0.976039
0.975977
0.975914
0.975851
0.975789
0.975726
0.975663
0.975600
0.975537
0.975474
0.975411
0.975347
0.975284
0.975220
0.975157
0.975093
0.975029
0.974965
0.974901
0.974837
0.974773
0.974709
0.974644
0.974580
0.974515
0.974451
0.974386
0.974321
0.974256
0.974191
0.974126
0.974060
0.973995
0.973930
0.973864
0.973799
0.973733
0.973667
0.973601
0.973535
0.973469
0.973403
0.973337
0.973270
0.973204
0.973137
0.973071
0.973004
0.972937
0.972870
0.972803
0.972736
0.972669
0.972601
0.972534
0.972466
0.972399
0.972331
0.972263
0.972195
0.972127
0.972059
0.971991
0.971923
0.971854
0.971786
0.971717
0.971649
0.971580
0.971511
0.971442
0.971373
0.971304
0.971234
0.971165
0.971096
0.971026
0.970956
0.970887
0.970817
0.970747
0.970677
0.970607
0.970536
0.970466
0.970396
0.970325
0.970254
0.970184
0.970113
0.970042
0.969971
0.969900
0.969828
0.969757
0.969686
0.969614
0.969543
0.969471
0.969399
0.969327
0.969255
0.969183
0.969111
0.969038
0.968966
0.968894
0.968821
0.968748
0.968675
0.968602
0.968529
0.968456
0.968383
0.968310
0.968236
0.968163
0.968089
0.968015
0.967942
0.967868
0.967794
0.967719
0.967645
0.967571
0.967497
0.967422
0.967347
0.967273
0.967198
0.967123
0.967048
0.966973
0.966897
0.966822
0.966747
0.966671
0.966595
0.966519
0.966444
0.966368
0.966292
0.966215
0.966139
0.966063
0.965986
0.965910
0.965833
0.965756
0.965679
0.965602
0.965525
0.965448
0.965371
0.965293
0.965216
0.965138
0.965060
0.964983
0.964905
0.964826
0.964748
0.964670
0.964592
0.964513
0.964435
0.964356
0.964277
0.964198
0.964119
0.964040
0.963961
0.963882
0.963803
0.963723
0.963643
0.963563
0.963484
0.963404
0.963324
0.963243
0.963163
0.963083
0.963002
0.962922
0.962841
0.962760
0.962679
0.962598
0.962517
0.962436
0.962355
0.962273
0.962192
0.962110
0.962028
0.961946
0.961865
0.961782
0.961700
0.961618
0.961535
0.961453
0.961370
0.961288
0.961205
0.961122
0.961039
0.960955
0.960872
0.960789
0.960705
0.960622
0.960538
0.960454
0.960370
0.960286
0.960202
0.960118
0.960033
0.959949
0.959864
0.959780
0.959695
0.959610
0.959525
0.959439
0.959354
0.959269
0.959184
0.959098
0.959012
0.958926
0.958840
0.958754
0.958668
0.958582
0.958495
0.958409
0.958322
0.958236
0.958149
0.958062
0.957975
0.957888
0.957800
0.957713
0.957626
0.957538
0.957450
0.957362
0.957274
0.957186
0.957098
0.957010
0.956921
0.956833
0.956744
0.956655
0.956566
0.956477
0.956388
0.956299
0.956210
0.956120
0.956031
0.955941
0.955851
0.955761
0.955671
0.955581
0.955491
0.955400
0.955310
0.955219
0.955129
0.955038
0.954947
0.954856
0.954765
0.954673
0.954582
0.954490
0.954399
0.954307
0.954215
0.954123
0.954031
0.953939
0.953846
0.953754
0.953661
0.953568
0.953475
0.953382
0.953289
0.953196
0.953103
0.953009
0.952916
0.952822
0.952728
0.952634
0.952540
0.952446
0.952352
0.952258
0.952163
0.952068
0.951974
0.951879
0.951784
0.951689
0.951593
0.951498
0.951403
0.951307
0.951211
0.951115
0.951019
0.950923
0.950827
0.950731
0.950634
0.950538
0.950441
0.950344
0.950247
0.950150
0.950053
0.949956
0.949858
0.949760
0.949663
0.949565
0.949467
0.949369
0.949271
0.949173
0.949074
0.948976
0.948877
0.948778
0.948679
0.948580
0.948481
0.948382
0.948282
0.948182
0.948083
0.947983
0.947883
0.947783
0.947683
0.947582
0.947482
0.947381
0.947281
0.947180
0.947079
0.946978
0.946877
0.946775
0.946674
0.946572
0.946471
0.946369
0.946267
0.946165
0.946062
0.945960
0.945858
0.945755
0.945652
0.945549
0.945446
0.945343
0.945240
0.945136
0.945033
0.944929
0.944825
0.944722
0.944618
0.944513
0.944409
0.944304
0.944200
0.944095
0.943990
0.943885
0.943780
0.943675
0.943570
0.943464
0.943359
0.943253
0.943147
0.943041
0.942935
0.942828
0.942722
0.942615
0.942509
0.942402
0.942295
0.942188
0.942081
0.941973
0.941866
0.941758
0.941650
0.941542
0.941434
0.941326
0.941218
0.941109
0.941001
0.940892
0.940783
0.940674
0.940565
0.940456
0.940346
0.940237
0.940127
0.940017
0.939907
0.939797
0.939687
0.939577
0.939466
0.939355
0.939245
0.939134
0.939023
0.938911
0.938800
0.938689
0.938577
0.938465
0.938353
0.938241
0.938129
0.938017
0.937904
0.937792
0.937679
0.937566
0.937453
0.937340
0.937226
0.937113
0.936999
0.936886
0.936772
0.936658
0.936543
0.936429
0.936315
0.936200
0.936085
0.935970
0.935855
0.935740
0.935625
0.935509
0.935394
0.935278
0.935162
0.935046
0.934930
0.934813
0.934697
0.934580
0.934464
0.934347
0.934230
0.934112
0.933995
0.933878
0.933760
0.933642
0.933524
0.933406
0.933288
0.933169
0.933051
0.932932
0.932813
0.932694
0.932575
0.932456
0.932336
0.932217
0.932097
0.931977
0.931857
0.931737
0.931616
0.931496
0.931375
0.931254
0.931133
0.931012
0.930891
0.930770
0.930648
0.930526
0.930405
0.930282
0.930160
0.930038
0.929916
0.929793
0.929670
0.929547
0.929424
0.929301
0.929177
0.929054
0.928930
0.928806
0.928682
0.928558
0.928434
0.928309
0.928184
0.928060
0.927935
0.927809
0.927684
0.927559
0.927433
0.927307
0.927181
0.927055
0.926929
0.926803
0.926676
0.926549
0.926423
0.926296
0.926168
0.926041
0.925913
0.925786
0.925658
0.925530
0.925402
0.925274
0.925145
0.925016
0.924887
0.924758
0.924629
0.924500
0.924371
0.924241
0.924111
0.923981
0.923851
0.923721
0.923590
0.923460
0.923329
0.923198
0.923067
0.922935
0.922804
0.922672
0.922541
0.922409
0.922276
0.922144
0.922012
0.921879
0.921746
0.921613
0.921480
0.921347
0.921213
0.921080
0.920946
0.920812
0.920678
0.920544
0.920409
0.920274
0.920140
0.920004
0.919869
0.919734
0.919598
0.919463
0.919327
0.919191
0.919055
0.918918
0.918782
0.918645
0.918508
0.918371
0.918234
0.918096
0.917959
0.917821
0.917683
0.917545
0.917406
0.917268
0.917129
0.916990
0.916852
0.916712
0.916573
0.916433
0.916294
0.916154
0.916014
0.915873
0.915733
0.915592
0.915451
0.915310
0.915169
0.915028
0.914886
0.914744
0.914603
0.914460
0.914318
0.914176
0.914033
0.913890
0.913747
0.913604
0.913460
0.913317
0.913173
0.913030
0.912885
0.912741
0.912596
0.912452
0.912307
0.912162
0.912017
0.911871
0.911726
0.911580
0.911434
0.911288
0.911141
0.910995
0.910848
0.910701
0.910554
0.910406
0.910259
0.910111
0.909963
0.909815
0.909667
0.909519
0.909370
0.909221
0.909072
0.908923
0.908773
0.908624
0.908474
0.908324
0.908174
0.908023
0.907873
0.907722
0.907571
0.907419
0.907268
0.907117
0.906965
0.906813
0.906660
0.906508
0.906355
0.906203
0.906050
0.905896
0.905743
0.905589
0.905436
0.905282
0.905127
0.904973
0.904818
0.904663
0.904509
0.904353
0.904198
0.904042
0.903886
0.903730
0.903574
0.903417
0.903261
0.903104
0.902947
0.902790
0.902632
0.902474
0.902316
0.902158
0.902000
0.901841
0.901683
0.901524
0.901365
0.901205
0.901046
0.900886
0.900726
0.900566
0.900405
0.900244
0.900083
0.899922
0.899761
0.899600
0.899438
0.899276
0.899114
0.898951
0.898789
0.898626
0.898463
0.898300
0.898136
0.897973
0.897809
0.897644
0.897480
0.897315
0.897151
0.896986
0.896820
0.896655
0.896489
0.896324
0.896157
0.895991
0.895824
0.895657
0.895490
0.895323
0.895156
0.894988
0.894820
0.894652
0.894484
0.894315
0.894146
0.893977
0.893808
0.893638
0.893468
0.893298
0.893128
0.892958
0.892787
0.892616
0.892445
0.892274
0.892102
0.891930
0.891758
0.891586
0.891413
0.891240
0.891067
0.890894
0.890720
0.890547
0.890373
0.890199
0.890024
0.889849
0.889674
0.889499
0.889324
0.889148
0.888972
0.888796
0.888620
0.888443
0.888266
0.888089
0.887912
0.887734
0.887556
0.887378
0.887200
0.887021
0.886842
0.886663
0.886484
0.886304
0.886124
0.885944
0.885764
0.885583
0.885403
0.885221
0.885040
0.884859
0.884676
0.884495
0.884312
0.884129
0.883947
0.883763
0.883580
0.883396
0.883213
0.883028
0.882844
0.882659
0.882474
0.882289
0.882103
0.881918
0.881732
0.881545
0.881359
0.881172
0.880985
0.880798
0.880610
0.880423
0.880234
0.880046
0.879857
0.879668
0.879479
0.879290
0.879100
0.878910
0.878720
0.878529
0.878338
0.878147
0.877956
0.877764
0.877572
0.877380
0.877188
0.876995
0.876802
0.876609
0.876415
0.876221
0.876027
0.875833
0.875638
0.875443
0.875248
0.875052
0.874857
0.874660
0.874464
0.874267
0.874071
0.873873
0.873676
0.873478
0.873280
0.873081
0.872883
0.872684
0.872485
0.872285
0.872085
0.871885
0.871684
0.871484
0.871283
0.871082
0.870880
0.870678
0.870476
0.870273
0.870071
0.869868
0.869664
0.869460
0.869256
0.869052
0.868848
0.868643
0.868437
0.868232
0.868026
0.867820
0.867614
0.867407
0.867200
0.866992
0.866785
0.866577
0.866369
0.866160
0.865951
0.865742
0.865532
0.865322
0.865112
0.864902
0.864691
0.864480
0.864269
0.864057
0.863845
0.863632
0.863420
0.863207
0.862993
0.862780
0.862566
0.862351
0.862137
0.861922
0.861706
0.861491
0.861275
0.861059
0.860842
0.860625
0.860408
0.860190
0.859972
0.859754
0.859535
0.859316
0.859097
0.858877
0.858657
0.858437
0.858217
0.857995
0.857774
0.857552
0.857330
0.857108
0.856885
0.856662
0.856439
0.856215
0.855991
0.855767
0.855542
0.855316
0.855091
0.854865
0.854639
0.854413
0.854186
0.853958
0.853731
0.853503
0.853274
0.853045
0.852816
0.852587
0.852357
0.852127
0.851897
0.851666
0.851435
0.851203
0.850971
0.850739
0.850506
0.850273
0.850039
0.849805
0.849571
0.849337
0.849102
0.848866
0.848631
0.848394
0.848158
0.847921
0.847684
0.847446
0.847208
0.846970
0.846731
0.846492
0.846252
0.846012
0.845772
0.845531
0.845290
0.845049
0.844807
0.844564
0.844321
0.844078
0.843835
0.843591
0.843347
0.843102
0.842857
0.842611
0.842365
0.842119
0.841873
0.841626
0.841378
0.841130
0.840881
0.840633
0.840384
0.840134
0.839884
0.839633
0.839383
0.839131
0.838879
0.838627
0.838375
0.838122
0.837868
0.837614
0.837360
0.837105
0.836850
0.836595
0.836339
0.836082
0.835826
0.835568
0.835310
0.835052
0.834794
0.834535
0.834275
0.834015
0.833755
0.833494
0.833233
0.832971
0.832709
0.832446
0.832183
0.831920
0.831655
0.831391
0.831126
0.830861
0.830595
0.830329
0.830062
0.829794
0.829527
0.829259
0.828990
0.828721
0.828451
0.828181
0.827910
0.827640
0.827368
0.827096
0.826824
0.826551
0.826277
0.826003
0.825729
0.825454
0.825179
0.824903
0.824627
0.824350
0.824072
0.823794
0.823516
0.823237
0.822958
0.822678
0.822398
0.822117
0.821835
0.821554
0.821271
0.820989
0.820705
0.820421
0.820136
0.819852
0.819566
0.819280
0.818994
0.818706
0.818419
0.818130
0.817842
0.817553
0.817263
0.816973
0.816682
0.816391
0.816099
0.815806
0.815513
0.815220
0.814926
0.814631
0.814336
0.814040
0.813744
0.813447
0.813150
0.812852
0.812553
0.812254
0.811954
0.811654
0.811353
0.811052
0.810750
0.810447
0.810144
0.809840
0.809536
0.809231
0.808926
0.808620
0.808313
0.808006
0.807698
0.807390
0.807081
0.806771
0.806461
0.806150
0.805839
0.805526
0.805214
0.804901
0.804587
0.804272
0.803957
0.803641
0.803325
0.803008
0.802691
0.802372
0.802053
0.801734
0.801413
0.801093
0.800772
0.800449
0.800127
0.799803
0.799479
0.799155
0.798829
0.798503
0.798176
0.797849
0.797521
0.797193
0.796863
0.796534
0.796202
0.795871
0.795539
0.795206
0.794873
0.794539
0.794204
0.793869
0.793533
0.793196
0.792858
0.792520
0.792181
0.791841
0.791501
0.791160
0.790818
0.790475
0.790132
0.789788
0.789443
0.789098
0.788752
0.788405
0.788057
0.787709
0.787360
0.787010
0.786659
0.786308
0.785955
0.785602
0.785249
0.784894
0.784539
0.784183
0.783827
0.783469
0.783110
0.782752
0.782392
0.782031
0.781669
0.781307
0.780944
0.780580
0.780216
0.779850
0.779484
0.779117
0.778749
0.778380
0.778010
0.777640
0.777269
0.776896
0.776524
0.776150
0.775775
0.775400
0.775024
0.774647
0.774268
0.773889
0.773510
0.773129
0.772748
0.772365
0.771982
0.771598
0.771213
0.770827
0.770440
0.770052
0.769664
0.769274
0.768884
0.768492
0.768100
0.767707
0.767312
0.766917
0.766521
0.766124
0.765726
0.765327
0.764928
0.764527
0.764125
0.763722
0.763318
0.762914
0.762508
0.762102
0.761694
0.761285
0.760876
0.760465
0.760054
0.759641
0.759227
0.758812
0.758397
0.757980
0.757562
0.757143
0.756724
0.756303
0.755881
0.755458
0.755034
0.754608
0.754183
0.753755
0.753327
0.752897
0.752466
0.752035
0.751602
0.751168
0.750733
0.750297
0.749860
0.749421
0.748982
0.748541
0.748099
0.747656
0.747212
0.746767
0.746321
0.745873
0.745424
0.744974
0.744522
0.744070
0.743616
0.743162
0.742705
0.742248
0.741789
0.741330
0.740869
0.740406
0.739943
0.739478
0.739012
0.738545
0.738076
0.737606
0.737135
0.736662
0.736189
0.735713
0.735237
0.734759
0.734280
0.733799
0.733318
0.732835
0.732350
0.731864
0.731376
0.730888
0.730398
0.729906
0.729413
0.728918
0.728423
0.727926
0.727427
0.726927
0.726425
0.725922
0.725417
0.724912
0.724404
0.723895
0.723384
0.722872
0.722359
0.721844
0.721327
0.720809
0.720289
0.719767
0.719245
0.718720
0.718194
0.717667
0.717137
0.716606
0.716074
0.715540
0.715003
0.714466
0.713927
0.713385
0.712843
0.712298
0.711752
0.711205
0.710655
0.710104
0.709551
0.708996
0.708439
0.707880
0.707320
0.706758
0.706194
0.705628
0.705061
0.704492
0.703920
0.703347
0.702773
0.702196
0.701616
0.701035
0.700453
0.699868
0.699281
0.698693
0.698101
0.697509
0.696914
0.696317
0.695719
0.695118
0.694515
0.693910
0.693303
0.692694
0.692082
0.691468
0.690853
0.690235
0.689615
0.688992
0.688367
0.687741
0.687112
0.686481
0.685847
0.685211
0.684573
0.683932
0.683290
0.682644
0.681996
0.681347
0.680694
0.680039
0.679381
0.678721
0.678060
0.677394
0.676727
0.676057
0.675384
0.674709
0.674032
0.673352
0.672669
0.671982
0.671294
0.670604
0.669910
0.669212
0.668514
0.667811
0.667106
0.666399
0.665689
0.664975
0.664259
0.663539
0.662817
0.662092
0.661363
0.660632
0.659898
0.659160
0.658420
0.657676
0.656930
0.656180
0.655427
0.654671
0.653911
0.653148
0.652381
0.651612
0.650839
0.650063
0.649283
0.648500
0.647714
0.646923
0.646130
0.645333
0.644531
0.643727
0.642919
0.642106
0.641291
0.640471
0.639648
0.638821
0.637989
0.637156
0.636317
0.635474
0.634626
0.633775
0.632920
0.632062
0.631199
0.630330
0.629459
0.628582
0.627702
0.626816
0.625928
0.625034
0.624135
0.623233
0.622325
0.621413
0.620496
0.619574
0.618647
0.617716
0.616780
0.615839
0.614893
0.613942
0.612986
0.612024
0.611057
0.610086
0.609108
0.608126
0.607137
0.606144
0.605144
0.604140
0.603129
0.602112
0.601090
0.600063
0.599028
0.597988
0.596942
0.595889
0.594831
0.593766
0.592695
0.591617
0.590533
0.589441
0.588343
0.587240
0.586127
0.585009
0.583885
0.582751
0.581612
0.580464
0.579311
0.578148
0.576980
0.575802
0.574616
0.573423
0.572223
0.571014
0.569796
0.568570
0.567336
0.566093
0.564841
0.563581
0.562312
0.561034
0.559747
0.558450
0.557145
0.555829
0.554502
0.553167
0.551822
0.550465
0.549100
0.547725
0.546336
0.544939
0.543529
0.542110
0.540678
0.539236
0.537781
0.536313
0.534836
0.533344
0.531840
0.530326
0.528796
0.527254
0.525698
0.524128
0.522545
0.520950
0.519338
0.517712
0.516071
0.514415
0.512744
0.511057
0.509351
0.507632
0.505896
0.504144
0.502374
0.500587
0.498779
0.496955
0.495113
0.493252
0.491368
0.489468
0.487544
0.485603
0.483640
0.481653
0.479647
0.477615
0.475563
0.473484
0.471384
0.469257
0.467107
0.464928
0.462722
0.460492
0.458231
0.455945
0.453626
0.451276
0.448896
0.446487
0.444042
0.441564
0.439050
0.436506
0.433921
0.431298
0.428637
0.425935
0.423193
0.420408
0.417580
0.414711
0.411791
0.408823
0.405805
0.402736
0.399614
0.396437
0.393203
0.389910
0.386555
0.383137
0.379653
0.376095
0.372470
0.368772
0.364996
0.361139
0.357198
0.353169
0.349048
0.344830
0.340505
0.336080
0.331544
0.326891
0.322115
0.317201
0.312157
0.306968
0.301625
0.296120
0.290432
0.284567
0.278506
0.272234
0.265726
0.258984
0.251981
0.244683
0.237090
0.229163
0.220871
0.212165
0.203032
0.193413
0.183234
0.172464
0.161010
0.148778
0.135635
0.121481
0.106121
0.089302
0.070782
0.050140
0.026787
-0.000000
-0.026787
-0.050140
-0.070782
-0.089302
-0.106121
-0.121481
-0.135635
-0.148778
-0.161010
-0.172464
-0.183234
-0.193413
-0.203032
-0.212165
-0.220871
-0.229163
-0.237090
-0.244683
-0.251981
-0.258984
-0.265726
-0.272234
-0.278506
-0.284567
-0.290432
-0.296120
-0.301625
-0.306968
-0.312157
-0.317201
-0.322115
-0.326891
-0.331544
-0.336080
-0.340505
-0.344830
-0.349048
-0.353169
-0.357198
-0.361139
-0.364996
-0.368772
-0.372470
-0.376095
-0.379653
-0.383137
-0.386555
-0.389910
-0.393203
-0.396437
-0.399614
-0.402736
-0.405805
-0.408823
-0.411791
-0.414711
-0.417580
-0.420408
-0.423193
-0.425935
-0.428637
-0.431298
-0.433921
-0.436506
-0.439050
-0.441564
-0.444042
-0.446487
-0.448896
-0.451276
-0.453626
-0.455945
-0.458231
-0.460492
-0.462722
-0.464928
-0.467107
-0.469257
-0.471384
-0.473484
-0.475563
-0.477615
-0.479647
-0.481653
-0.483640
-0.485603
-0.487544
-0.489468
-0.491368
-0.493252
-0.495113
-0.496955
-0.498779
-0.500587
-0.502374
-0.504144
-0.505896
-0.507632
-0.509351
-0.511057
-0.512744
-0.514415
-0.516071
-0.517712
-0.519338
-0.520950
-0.522545
-0.524128
-0.525698
-0.527254
-0.528796
-0.530326
-0.531840
-0.533344
-0.534836
-0.536313
-0.537781
-0.539236
-0.540678
-0.542110
-0.543529
-0.544939
-0.546336
-0.547725
-0.549100
-0.550465
-0.551822
-0.553167
-0.554502
-0.555829
-0.557145
-0.558450
-0.559747
-0.561034
-0.562312
-0.563581
-0.564841
-0.566093
-0.567336
-0.568570
-0.569796
-0.571014
-0.572223
-0.573423
-0.574616
-0.575802
-0.576980
-0.578148
-0.579311
-0.580464
-0.581612
-0.582751
-0.583885
-0.585009
-0.586127
-0.587240
-0.588343
-0.589441
-0.590533
-0.591617
-0.592695
-0.593766
-0.594831
-0.595889
-0.596942
-0.597988
-0.599028
-0.600063
-0.601090
-0.602112
-0.603129
-0.604140
-0.605144
-0.606144
-0.607137
-0.608126
-0.609108
-0.610086
-0.611057
-0.612024
-0.612986
-0.613942
-0.614893
-0.615839
-0.616780
-0.617716
-0.618647
-0.619574
-0.620496
-0.621413
-0.622325
-0.623233
-0.624135
-0.625034
-0.625928
-0.626816
-0.627702
-0.628582
-0.629459
-0.630330
-0.631199
-0.632062
-0.632920
-0.633775
-0.634626
-0.635474
-0.636317
-0.637156
-0.637989
-0.638821
-0.639648
-0.640471
-0.641291
-0.642106
-0.642919
-0.643727
-0.644531
-0.645333
-0.646130
-0.646923
-0.647714
-0.648500
-0.649283
-0.650063
-0.650839
-0.651612
-0.652381
-0.653148
-0.653911
-0.654671
-0.655427
-0.656180
-0.656930
-0.657676
-0.658420
-0.659160
-0.659898
-0.660632
-0.661363
-0.662092
-0.662817
-0.663539
-0.664259
-0.664975
-0.665689
-0.666399
-0.667106
-0.667811
-0.668514
-0.669212
-0.669910
-0.670604
-0.671294
-0.671982
-0.672669
-0.673352
-0.674032
-0.674709
-0.675384
-0.676057
-0.676727
-0.677394
-0.678060
-0.678721
-0.679381
-0.680039
-0.680694
-0.681347
-0.681996
-0.682644
-0.683290
-0.683932
-0.684573
-0.685211
-0.685847
-0.686481
-0.687112
-0.687741
-0.688367
-0.688992
-0.689615
-0.690235
-0.690853
-0.691468
-0.692082
-0.692694
-0.693303
-0.693910
-0.694515
-0.695118
-0.695719
-0.696317
-0.696914
-0.697509
-0.698101
-0.698693
-0.699281
-0.699868
-0.700453
-0.701035
-0.701616
-0.702196
-0.702773
-0.703347
-0.703920
-0.704492
-0.705061
-0.705628
-0.706194
-0.706758
-0.707320
-0.707880
-0.708439
-0.708996
-0.709551
-0.710104
-0.710655
-0.711205
-0.711752
-0.712298
-0.712843
-0.713385
-0.713927
-0.714466
-0.715003
-0.715540
-0.716074
-0.716606
-0.717137
-0.717667
-0.718194
-0.718720
-0.719245
-0.719767
-0.720289
-0.720809
-0.721327
-0.721844
-0.722359
-0.722872
-0.723384
-0.723895
-0.724404
-0.724912
-0.725417
-0.725922
-0.726425
-0.726927
-0.727427
-0.727926
-0.728423
-0.728918
-0.729413
-0.729906
-0.730398
-0.730888
-0.731376
-0.731864
-0.732350
-0.732835
-0.733318
-0.733799
-0.734280
-0.734759
-0.735237
-0.735713
-0.736189
-0.736662
-0.737135
-0.737606
-0.738076
-0.738545
-0.739012
-0.739478
-0.739943
-0.740406
-0.740869
-0.741330
-0.741789
-0.742248
-0.742705
-0.743162
-0.743616
-0.744070
-0.744522
-0.744974
-0.745424
-0.745873
-0.746321
-0.746767
-0.747212
-0.747656
-0.748099
-0.748541
-0.748982
-0.749421
-0.749860
-0.750297
-0.750733
-0.751168
-0.751602
-0.752035
-0.752466
-0.752897
-0.753327
-0.753755
-0.754183
-0.754608
-0.755034
-0.755458
-0.755881
-0.756303
-0.756724
-0.757143
-0.757562
-0.757980
-0.758397
-0.758812
-0.759227
-0.759641
-0.760054
-0.760465
-0.760876
-0.761285
-0.761694
-0.762102
-0.762508
-0.762914
-0.763318
-0.763722
-0.764125
-0.764527
-0.764928
-0.765327
-0.765726
-0.766124
-0.766521
-0.766917
-0.767312
-0.767707
-0.768100
-0.768492
-0.768884
-0.769274
-0.769664
-0.770052
-0.770440
-0.770827
-0.771213
-0.771598
-0.771982
-0.772365
-0.772748
-0.773129
-0.773510
-0.773889
-0.774268
-0.774647
-0.775024
-0.775400
-0.775775
-0.776150
-0.776524
-0.776896
-0.777269
-0.777640
-0.778010
-0.778380
-0.778749
-0.779117
-0.779484
-0.779850
-0.780216
-0.780580
-0.780944
-0.781307
-0.781669
-0.782031
-0.782392
-0.782752
-0.783110
-0.783469
-0.783827
-0.784183
-0.784539
-0.784894
-0.785249
-0.785602
-0.785955
-0.786308
-0.786659
-0.787010
-0.787360
-0.787709
-0.788057
-0.788405
-0.788752
-0.789098
-0.789443
-0.789788
-0.790132
-0.790475
-0.790818
-0.791160
-0.791501
-0.791841
-0.792181
-0.792520
-0.792858
-0.793196
-0.793533
-0.793869
-0.794204
-0.794539
-0.794873
-0.795206
-0.795539
-0.795871
-0.796202
-0.796534
-0.796863
-0.797193
-0.797521
-0.797849
-0.798176
-0.798503
-0.798829
-0.799155
-0.799479
-0.799803
-0.800127
-0.800449
-0.800772
-0.801093
-0.801413
-0.801734
-0.802053
-0.802372
-0.802691
-0.803008
-0.803325
-0.803641
-0.803957
-0.804272
-0.804587
-0.804901
-0.805214
-0.805526
-0.805839
-0.806150
-0.806461
-0.806771
-0.807081
-0.807390
-0.807698
-0.808006
-0.808313
-0.808620
-0.808926
-0.809231
-0.809536
-0.809840
-0.810144
-0.810447
-0.810750
-0.811052
-0.811353
-0.811654
-0.811954
-0.812254
-0.812553
-0.812852
-0.813150
-0.813447
-0.813744
-0.814040
-0.814336
-0.814631
-0.814926
-0.815220
-0.815513
-0.815806
-0.816099
-0.816391
-0.816682
-0.816973
-0.817263
-0.817553
-0.817842
-0.818130
-0.818419
-0.818706
-0.818994
-0.819280
-0.819566
-0.819852
-0.820136
-0.820421
-0.820705
-0.820989
-0.821271
-0.821554
-0.821835
-0.822117
-0.822398
-0.822678
-0.822958
-0.823237
-0.823516
-0.823794
-0.824072
-0.824350
-0.824627
-0.824903
-0.825179
-0.825454
-0.825729
-0.826003
-0.826277
-0.826551
-0.826824
-0.827096
-0.827368
-0.827640
-0.827910
-0.828181
-0.828451
-0.828721
-0.828990
-0.829259
-0.829527
-0.829794
-0.830062
-0.830329
-0.830595
-0.830861
-0.831126
-0.831391
-0.831655
-0.831920
-0.832183
-0.832446
-0.832709
-0.832971
-0.833233
-0.833494
-0.833755
-0.834015
-0.834275
-0.834535
-0.834794
-0.835052
-0.835310
-0.835568
-0.835826
-0.836082
-0.836339
-0.836595
-0.836850
-0.837105
-0.837360
-0.837614
-0.837868
-0.838122
-0.838375
-0.838627
-0.838879
-0.839131
-0.839383
-0.839633
-0.839884
-0.840134
-0.840384
-0.840633
-0.840881
-0.841130
-0.841378
-0.841626
-0.841873
-0.842119
-0.842365
-0.842611
-0.842857
-0.843102
-0.843347
-0.843591
-0.843835
-0.844078
-0.844321
-0.844564
-0.844807
-0.845049
-0.845290
-0.845531
-0.845772
-0.846012
-0.846252
-0.846492
-0.846731
-0.846970
-0.847208
-0.847446
-0.847684
-0.847921
-0.848158
-0.848394
-0.848631
-0.848866
-0.849102
-0.849337
-0.849571
-0.849805
-0.850039
-0.850273
-0.850506
-0.850739
-0.850971
-0.851203
-0.851435
-0.851666
-0.851897
-0.852127
-0.852357
-0.852587
-0.852816
-0.853045
-0.853274
-0.853503
-0.853731
-0.853958
-0.854186
-0.854413
-0.854639
-0.854865
-0.855091
-0.855316
-0.855542
-0.855767
-0.855991
-0.856215
-0.856439
-0.856662
-0.856885
-0.857108
-0.857330
-0.857552
-0.857774
-0.857995
-0.858217
-0.858437
-0.858657
-0.858877
-0.859097
-0.859316
-0.859535
-0.859754
-0.859972
-0.860190
-0.860408
-0.860625
-0.860842
-0.861059
-0.861275
-0.861491
-0.861706
-0.861922
-0.862137
-0.862351
-0.862566
-0.862780
-0.862993
-0.863207
-0.863420
-0.863632
-0.863845
-0.864057
-0.864269
-0.864480
-0.864691
-0.864902
-0.865112
-0.865322
-0.865532
-0.865742
-0.865951
-0.866160
-0.866369
-0.866577
-0.866785
-0.866992
-0.867200
-0.867407
-0.867614
-0.867820
-0.868026
-0.868232
-0.868437
-0.868643
-0.868848
-0.869052
-0.869256
-0.869460
-0.869664
-0.869868
-0.870071
-0.870273
-0.870476
-0.870678
-0.870880
-0.871082
-0.871283
-0.871484
-0.871684
-0.871885
-0.872085
-0.872285
-0.872485
-0.872684
-0.872883
-0.873081
-0.873280
-0.873478
-0.873676
-0.873873
-0.874071
-0.874267
-0.874464
-0.874660
-0.874857
-0.875052
-0.875248
-0.875443
-0.875638
-0.875833
-0.876027
-0.876221
-0.876415
-0.876609
-0.876802
-0.876995
-0.877188
-0.877380
-0.877572
-0.877764
-0.877956
-0.878147
-0.878338
-0.878529
-0.878720
-0.878910
-0.879100
-0.879290
-0.879479
-0.879668
-0.879857
-0.880046
-0.880234
-0.880423
-0.880610
-0.880798
-0.880985
-0.881172
-0.881359
-0.881545
-0.881732
-0.881918
-0.882103
-0.882289
-0.882474
-0.882659
-0.882844
-0.883028
-0.883213
-0.883396
-0.883580
-0.883763
-0.883947
-0.884129
-0.884312
-0.884495
-0.884676
-0.884859
-0.885040
-0.885221
-0.885403
-0.885583
-0.885764
-0.885944
-0.886124
-0.886304
-0.886484
-0.886663
-0.886842
-0.887021
-0.887200
-0.887378
-0.887556
-0.887734
-0.887912
-0.888089
-0.888266
-0.888443
-0.888620
-0.888796
-0.888972
-0.889148
-0.889324
-0.889499
-0.889674
-0.889849
-0.890024
-0.890199
-0.890373
-0.890547
-0.890720
-0.890894
-0.891067
-0.891240
-0.891413
-0.891586
-0.891758
-0.891930
-0.892102
-0.892274
-0.892445
-0.892616
-0.892787
-0.892958
-0.893128
-0.893298
-0.893468
-0.893638
-0.893808
-0.893977
-0.894146
-0.894315
-0.894484
-0.894652
-0.894820
-0.894988
-0.895156
-0.895323
-0.895490
-0.895657
-0.895824
-0.895991
-0.896157
-0.896324
-0.896489
-0.896655
-0.896820
-0.896986
-0.897151
-0.897315
-0.897480
-0.897644
-0.897809
-0.897973
-0.898136
-0.898300
-0.898463
-0.898626
-0.898789
-0.898951
-0.899114
-0.899276
-0.899438
-0.899600
-0.899761
-0.899922
-0.900083
-0.900244
-0.900405
-0.900566
-0.900726
-0.900886
-0.901046
-0.901205
-0.901365
-0.901524
-0.901683
-0.901841
-0.902000
-0.902158
-0.902316
-0.902474
-0.902632
-0.902790
-0.902947
-0.903104
-0.903261
-0.903417
-0.903574
-0.903730
-0.903886
-0.904042
-0.904198
-0.904353
-0.904509
-0.904663
-0.904818
-0.904973
-0.905127
-0.905282
-0.905436
-0.905589
-0.905743
-0.905896
-0.906050
-0.906203
-0.906355
-0.906508
-0.906660
-0.906813
-0.906965
-0.907117
-0.907268
-0.907419
-0.907571
-0.907722
-0.907873
-0.908023
-0.908174
-0.908324
-0.908474
-0.908624
-0.908773
-0.908923
-0.909072
-0.909221
-0.909370
-0.909519
-0.909667
-0.909815
-0.909963
-0.910111
-0.910259
-0.910406
-0.910554
-0.910701
-0.910848
-0.910995
-0.911141
-0.911288
-0.911434
-0.911580
-0.911726
-0.911871
-0.912017
-0.912162
-0.912307
-0.912452
-0.912596
-0.912741
-0.912885
-0.913030
-0.913173
-0.913317
-0.913460
-0.913604
-0.913747
-0.913890
-0.914033
-0.914176
-0.914318
-0.914460
-0.914603
-0.914744
-0.914886
-0.915028
-0.915169
-0.915310
-0.915451
-0.915592
-0.915733
-0.915873
-0.916014
-0.916154
-0.916294
-0.916433
-0.916573
-0.916712
-0.916852
-0.916990
-0.917129
-0.917268
-0.917406
-0.917545
-0.917683
-0.917821
-0.917959
-0.918096
-0.918234
-0.918371
-0.918508
-0.918645
-0.918782
-0.918918
-0.919055
-0.919191
-0.919327
-0.919463
-0.919598
-0.919734
-0.919869
-0.920004
-0.920140
-0.920274
-0.920409
-0.920544
-0.920678
-0.920812
-0.920946
-0.921080
-0.921213
-0.921347
-0.921480
-0.921613
-0.921746
-0.921879
-0.922012
-0.922144
-0.922276
-0.922409
-0.922541
-0.922672
-0.922804
-0.922935
-0.923067
-0.923198
-0.923329
-0.923460
-0.923590
-0.923721
-0.923851
-0.923981
-0.924111
-0.924241
-0.924371
-0.924500
-0.924629
-0.924758
-0.924887
-0.925016
-0.925145
-0.925274
-0.925402
-0.925530
-0.925658
-0.925786
-0.925913
-0.926041
-0.926168
-0.926296
-0.926423
-0.926549
-0.926676
-0.926803
-0.926929
-0.927055
-0.927181
-0.927307
-0.927433
-0.927559
-0.927684
-0.927809
-0.927935
-0.928060
-0.928184
-0.928309
-0.928434
-0.928558
-0.928682
-0.928806
-0.928930
-0.929054
-0.929177
-0.929301
-0.929424
-0.929547
-0.929670
-0.929793
-0.929916
-0.930038
-0.930160
-0.930282
-0.930405
-0.930526
-0.930648
-0.930770
-0.930891
-0.931012
-0.931133
-0.931254
-0.931375
-0.931496
-0.931616
-0.931737
-0.931857
-0.931977
-0.932097
-0.932217
-0.932336
-0.932456
-0.932575
-0.932694
-0.932813
-0.932932
-0.933051
-0.933169
-0.933288
-0.933406
-0.933524
-0.933642
-0.933760
-0.933878
-0.933995
-0.934112
-0.934230
-0.934347
-0.934464
-0.934580
-0.934697
-0.934813
-0.934930
-0.935046
-0.935162
-0.935278
-0.935394
-0.935509
-0.935625
-0.935740
-0.935855
-0.935970
-0.936085
-0.936200
-0.936315
-0.936429
-0.936543
-0.936658
-0.936772
-0.936886
-0.936999
-0.937113
-0.937226
-0.937340
-0.937453
-0.937566
-0.937679
-0.937792
-0.937904
-0.938017
-0.938129
-0.938241
-0.938353
-0.938465
-0.938577
-0.938689
-0.938800
-0.938911
-0.939023
-0.939134
-0.939245
-0.939355
-0.939466
-0.939577
-0.939687
-0.939797
-0.939907
-0.940017
-0.940127
-0.940237
-0.940346
-0.940456
-0.940565
-0.940674
-0.940783
-0.940892
-0.941001
-0.941109
-0.941218
-0.941326
-0.941434
-0.941542
-0.941650
-0.941758
-0.941866
-0.941973
-0.942081
-0.942188
-0.942295
-0.942402
-0.942509
-0.942615
-0.942722
-0.942828
-0.942935
-0.943041
-0.943147
-0.943253
-0.943359
-0.943464
-0.943570
-0.943675
-0.943780
-0.943885
-0.943990
-0.944095
-0.944200
-0.944304
-0.944409
-0.944513
-0.944618
-0.944722
-0.944825
-0.944929
-0.945033
-0.945136
-0.945240
-0.945343
-0.945446
-0.945549
-0.945652
-0.945755
-0.945858
-0.945960
-0.946062
-0.946165
-0.946267
-0.946369
-0.946471
-0.946572
-0.946674
-0.946775
-0.946877
-0.946978
-0.947079
-0.947180
-0.947281
-0.947381
-0.947482
-0.947582
-0.947683
-0.947783
-0.947883
-0.947983
-0.948083
-0.948182
-0.948282
-0.948382
-0.948481
-0.948580
-0.948679
-0.948778
-0.948877
-0.948976
-0.949074
-0.949173
-0.949271
-0.949369
-0.949467
-0.949565
-0.949663
-0.949760
-0.949858
-0.949956
-0.950053
-0.950150
-0.950247
-0.950344
-0.950441
-0.950538
-0.950634
-0.950731
-0.950827
-0.950923
-0.951019
-0.951115
-0.951211
-0.951307
-0.951403
-0.951498
-0.951593
-0.951689
-0.951784
-0.951879
-0.951974
-0.952068
-0.952163
-0.952258
-0.952352
-0.952446
-0.952540
-0.952634
-0.952728
-0.952822
-0.952916
-0.953009
-0.953103
-0.953196
-0.953289
-0.953382
-0.953475
-0.953568
-0.953661
-0.953754
-0.953846
-0.953939
-0.954031
-0.954123
-0.954215
-0.954307
-0.954399
-0.954490
-0.954582
-0.954673
-0.954765
-0.954856
-0.954947
-0.955038
-0.955129
-0.955219
-0.955310
-0.955400
-0.955491
-0.955581
-0.955671
-0.955761
-0.955851
-0.955941
-0.956031
-0.956120
-0.956210
-0.956299
-0.956388
-0.956477
-0.956566
-0.956655
-0.956744
-0.956833
-0.956921
-0.957010
-0.957098
-0.957186
-0.957274
-0.957362
-0.957450
-0.957538
-0.957626
-0.957713
-0.957800
-0.957888
-0.957975
-0.958062
-0.958149
-0.958236
-0.958322
-0.958409
-0.958495
-0.958582
-0.958668
-0.958754
-0.958840
-0.958926
-0.959012
-0.959098
-0.959184
-0.959269
-0.959354
-0.959439
-0.959525
-0.959610
-0.959695
-0.959780
-0.959864
-0.959949
-0.960033
-0.960118
-0.960202
-0.960286
-0.960370
-0.960454
-0.960538
-0.960622
-0.960705
-0.960789
-0.960872
-0.960955
-0.961039
-0.961122
-0.961205
-0.961288
-0.961370
-0.961453
-0.961535
-0.961618
-0.961700
-0.961782
-0.961865
-0.961946
-0.962028
-0.962110
-0.962192
-0.962273
-0.962355
-0.962436
-0.962517
-0.962598
-0.962679
-0.962760
-0.962841
-0.962922
-0.963002
-0.963083
-0.963163
-0.963243
-0.963324
-0.963404
-0.963484
-0.963563
-0.963643
-0.963723
-0.963803
-0.963882
-0.963961
-0.964040
-0.964119
-0.964198
-0.964277
-0.964356
-0.964435
-0.964513
-0.964592
-0.964670
-0.964748
-0.964826
-0.964905
-0.964983
-0.965060
-0.965138
-0.965216
-0.965293
-0.965371
-0.965448
-0.965525
-0.965602
-0.965679
-0.965756
-0.965833
-0.965910
-0.965986
-0.966063
-0.966139
-0.966215
-0.966292
-0.966368
-0.966444
-0.966519
-0.966595
-0.966671
-0.966747
-0.966822
-0.966897
-0.966973
-0.967048
-0.967123
-0.967198
-0.967273
-0.967347
-0.967422
-0.967497
-0.967571
-0.967645
-0.967719
-0.967794
-0.967868
-0.967942
-0.968015
-0.968089
-0.968163
-0.968236
-0.968310
-0.968383
-0.968456
-0.968529
-0.968602
-0.968675
-0.968748
-0.968821
-0.968894
-0.968966
-0.969038
-0.969111
-0.969183
-0.969255
-0.969327
-0.969399
-0.969471
-0.969543
-0.969614
-0.969686
-0.969757
-0.969828
-0.969900
-0.969971
-0.970042
-0.970113
-0.970184
-0.970254
-0.970325
-0.970396
-0.970466
-0.970536
-0.970607
-0.970677
-0.970747
-0.970817
-0.970887
-0.970956
-0.971026
-0.971096
-0.971165
-0.971234
-0.971304
-0.971373
-0.971442
-0.971511
-0.971580
-0.971649
-0.971717
-0.971786
-0.971854
-0.971923
-0.971991
-0.972059
-0.972127
-0.972195
-0.972263
-0.972331
-0.972399
-0.972466
-0.972534
-0.972601
-0.972669
-0.972736
-0.972803
-0.972870
-0.972937
-0.973004
-0.973071
-0.973137
-0.973204
-0.973270
-0.973337
-0.973403
-0.973469
-0.973535
-0.973601
-0.973667
-0.973733
-0.973799
-0.973864
-0.973930
-0.973995
-0.974060
-0.974126
-0.974191
-0.974256
-0.974321
-0.974386
-0.974451
-0.974515
-0.974580
-0.974644
-0.974709
-0.974773
-0.974837
-0.974901
-0.974965
-0.975029
-0.975093
-0.975157
-0.975220
-0.975284
-0.975347
-0.975411
-0.975474
-0.975537
-0.975600
-0.975663
-0.975726
-0.975789
-0.975851
-0.975914
-0.975977
-0.976039
-0.976101
-0.976164
-0.976226
-0.976288
-0.976350
-0.976412
-0.976473
-0.976535
-0.976597
-0.976658
-0.976720
-0.976781
-0.976842
-0.976903
-0.976964
-0.977025
-0.977086
-0.977147
-0.977208
-0.977268
-0.977329
-0.977389
-0.977450
-0.977510
-0.977570
-0.977630
-0.977690
-0.977750
-0.977810
-0.977869
-0.977929
-0.977988
-0.978048
-0.978107
-0.978166
-0.978225
-0.978285
-0.978344
-0.978402
-0.978461
-0.978520
-0.978578
-0.978637
-0.978695
-0.978754
-0.978812
-0.978870
-0.978928
-0.978986
-0.979044
-0.979102
-0.979159
-0.979217
-0.979275
-0.979332
-0.979389
-0.979447
-0.979504
-0.979561
-0.979618
-0.979675
-0.979732
-0.979788
-0.979845
-0.979902
-0.979958
-0.980014
-0.980071
-0.980127
-0.980183
-0.980239
-0.980295
-0.980351
-0.980406
-0.980462
-0.980518
-0.980573
-0.980629
-0.980684
-0.980739
-0.980794
-0.980849
-0.980904
-0.980959
-0.981014
-0.981069
-0.981123
-0.981178
-0.981232
-0.981287
-0.981341
-0.981395
-0.981449
-0.981503
-0.981557
-0.981611
-0.981665
-0.981718
-0.981772
-0.981825
-0.981879
-0.981932
-0.981985
-0.982038
-0.982091
-0.982144
-0.982197
-0.982250
-0.982303
-0.982355
-0.982408
-0.982460
-0.982513
-0.982565
-0.982617
-0.982669
-0.982721
-0.982773
-0.982825
-0.982877
-0.982928
-0.982980
-0.983031
-0.983083
-0.983134
-0.983185
-0.983236
-0.983288
-0.983339
-0.983390
-0.983440
-0.983491
-0.983542
-0.983592
-0.983643
-0.983693
-0.983743
-0.983794
-0.983844
-0.983894
-0.983944
-0.983994
-0.984044
-0.984093
-0.984143
-0.984192
-0.984242
-0.984291
-0.984340
-0.984390
-0.984439
-0.984488
-0.984537
-0.984586
-0.984634
-0.984683
-0.984732
-0.984780
-0.984829
-0.984877
-0.984925
-0.984973
-0.985022
-0.985070
-0.985118
-0.985166
-0.985213
-0.985261
-0.985309
-0.985356
-0.985404
-0.985451
-0.985498
-0.985545
-0.985593
-0.985640
-0.985686
-0.985733
-0.985780
-0.985827
-0.985873
-0.985920
-0.985966
-0.986013
-0.986059
-0.986105
-0.986151
-0.986197
-0.986243
-0.986289
-0.986335
-0.986381
-0.986426
-0.986472
-0.986517
-0.986563
-0.986608
-0.986653
-0.986698
-0.986743
-0.986788
-0.986833
-0.986878
-0.986923
-0.986967
-0.987012
-0.987056
-0.987101
-0.987145
-0.987189
-0.987233
-0.987277
-0.987321
-0.987365
-0.987409
-0.987453
-0.987496
-0.987540
-0.987584
-0.987627
-0.987670
-0.987714
-0.987757
-0.987800
-0.987843
-0.987886
-0.987929
-0.987971
-0.988014
-0.988057
-0.988099
-0.988142
-0.988184
-0.988226
-0.988268
-0.988311
-0.988353
-0.988394
-0.988436
-0.988478
-0.988520
-0.988561
-0.988603
-0.988644
-0.988686
-0.988727
-0.988768
-0.988810
-0.988851
-0.988891
-0.988933
-0.988973
-0.989014
-0.989055
-0.989095
-0.989136
-0.989176
-0.989217
-0.989257
-0.989297
-0.989337
-0.989377
-0.989417
-0.989457
-0.989497
-0.989536
-0.989576
-0.989616
-0.989655
-0.989695
-0.989734
-0.989773
-0.989812
-0.989851
-0.989890
-0.989929
-0.989968
-0.990007
-0.990045
-0.990084
-0.990123
-0.990161
-0.990199
-0.990238
-0.990276
-0.990314
-0.990352
-0.990390
-0.990428
-0.990466
-0.990503
-0.990541
-0.990579
-0.990616
-0.990653
-0.990691
-0.990728
-0.990765
-0.990802
-0.990839
-0.990876
-0.990913
-0.990950
-0.990987
-0.991023
-0.991060
-0.991096
-0.991133
-0.991169
-0.991205
-0.991241
-0.991277
-0.991313
-0.991349
-0.991385
-0.991421
-0.991457
-0.991492
-0.991528
-0.991563
-0.991599
-0.991634
-0.991669
-0.991704
-0.991739
-0.991774
-0.991809
-0.991844
-0.991879
-0.991914
-0.991948
-0.991983
-0.992017
-0.992051
-0.992086
-0.992120
-0.992154
-0.992188
-0.992222
-0.992256
-0.992290
-0.992324
-0.992357
-0.992391
-0.992424
-0.992458
-0.992491
-0.992524
-0.992558
-0.992591
-0.992624
-0.992657
-0.992690
-0.992723
-0.992755
-0.992788
-0.992821
-0.992853
-0.992885
-0.992918
-0.992950
-0.992982
-0.993015
-0.993047
-0.993079
-0.993110
-0.993142
-0.993174
-0.993206
-0.993237
-0.993269
-0.993300
-0.993332
-0.993363
-0.993394
-0.993425
-0.993456
-0.993487
-0.993518
-0.993549
-0.993580
-0.993611
-0.993641
-0.993672
-0.993702
-0.993733
-0.993763
-0.993793
-0.993823
-0.993853
-0.993883
-0.993913
-0.993943
-0.993973
-0.994002
-0.994032
-0.994062
-0.994091
-0.994120
-0.994150
-0.994179
-0.994208
-0.994237
-0.994266
-0.994295
-0.994324
-0.994353
-0.994382
-0.994410
-0.994439
-0.994467
-0.994496
-0.994524
-0.994552
-0.994581
-0.994609
-0.994637
-0.994665
-0.994693
-0.994720
-0.994748
-0.994776
-0.994803
-0.994831
-0.994858
-0.994886
-0.994913
-0.994940
-0.994967
-0.994994
-0.995021
-0.995048
-0.995075
-0.995102
-0.995128
-0.995155
-0.995182
-0.995208
-0.995234
-0.995261
-0.995287
-0.995313
-0.995339
-0.995365
-0.995391
-0.995417
-0.995443
-0.995468
-0.995494
-0.995520
-0.995545
-0.995571
-0.995596
-0.995621
-0.995646
-0.995671
-0.995696
-0.995721
-0.995746
-0.995771
-0.995796
-0.995821
-0.995845
-0.995870
-0.995894
-0.995919
-0.995943
-0.995967
-0.995991
-0.996015
-0.996039
-0.996063
-0.996087
-0.996111
-0.996134
-0.996158
-0.996182
-0.996205
-0.996229
-0.996252
-0.996275
-0.996298
-0.996321
-0.996345
-0.996367
-0.996390
-0.996413
-0.996436
-0.996459
-0.996481
-0.996504
-0.996526
-0.996549
-0.996571
-0.996593
-0.996615
-0.996637
-0.996659
-0.996681
-0.996703
-0.996725
-0.996747
-0.996768
-0.996790
-0.996811
-0.996833
-0.996854
-0.996875
-0.996897
-0.996918
-0.996939
-0.996960
-0.996981
-0.997001
-0.997022
-0.997043
-0.997063
-0.997084
-0.997105
-0.997125
-0.997145
-0.997166
-0.997186
-0.997206
-0.997226
-0.997246
-0.997265
-0.997285
-0.997305
-0.997325
-0.997344
-0.997364
-0.997383
-0.997403
-0.997422
-0.997441
-0.997460
-0.997479
-0.997498
-0.997517
-0.997536
-0.997555
-0.997574
-0.997592
-0.997611
-0.997630
-0.997648
-0.997666
-0.997684
-0.997703
-0.997721
-0.997739
-0.997757
-0.997775
-0.997792
-0.997810
-0.997828
-0.997846
-0.997863
-0.997881
-0.997898
-0.997915
-0.997933
-0.997950
-0.997967
-0.997984
-0.998001
-0.998018
-0.998035
-0.998051
-0.998068
-0.998085
-0.998101
-0.998118
-0.998134
-0.998150
-0.998167
-0.998183
-0.998199
-0.998215
-0.998231
-0.998247
-0.998263
-0.998278
-0.998294
-0.998310
-0.998325
-0.998341
-0.998356
-0.998371
-0.998387
-0.998402
-0.998417
-0.998432
-0.998447
-0.998462
-0.998476
-0.998491
-0.998506
-0.998520
-0.998535
-0.998549
-0.998564
-0.998578
-0.998592
-0.998606
-0.998620
-0.998634
-0.998648
-0.998662
-0.998676
-0.998690
-0.998703
-0.998717
-0.998730
-0.998744
-0.998757
-0.998771
-0.998784
-0.998797
-0.998810
-0.998823
-0.998836
-0.998849
-0.998861
-0.998874
-0.998887
-0.998899
-0.998912
-0.998924
-0.998937
-0.998949
-0.998961
-0.998973
-0.998985
-0.998997
-0.999009
-0.999021
-0.999033
-0.999045
-0.999056
-0.999068
-0.999079
-0.999091
-0.999102
-0.999113
-0.999125
-0.999136
-0.999147
-0.999158
-0.999169
-0.999180
-0.999190
-0.999201
-0.999212
-0.999222
-0.999233
-0.999243
-0.999254
-0.999264
-0.999274
-0.999284
-0.999294
-0.999304
-0.999314
-0.999324
-0.999334
-0.999343
-0.999353
-0.999363
-0.999372
-0.999382
-0.999391
-0.999400
-0.999409
-0.999418
-0.999427
-0.999436
-0.999445
-0.999454
-0.999463
-0.999472
-0.999480
-0.999489
-0.999497
-0.999506
-0.999514
-0.999522
-0.999531
-0.999539
-0.999547
-0.999555
-0.999563
-0.999571
-0.999578
-0.999586
-0.999594
-0.999601
-0.999609
-0.999616
-0.999624
-0.999631
-0.999638
-0.999645
-0.999652
-0.999659
-0.999666
-0.999673
-0.999680
-0.999686
-0.999693
-0.999700
-0.999706
-0.999713
-0.999719
-0.999725
-0.999731
-0.999738
-0.999744
-0.999750
-0.999756
-0.999761
-0.999767
-0.999773
-0.999779
-0.999784
-0.999790
-0.999795
-0.999801
-0.999806
-0.999811
-0.999816
-0.999821
-0.999826
-0.999831
-0.999836
-0.999841
-0.999845
-0.999850
-0.999855
-0.999859
-0.999864
-0.999868
-0.999872
-0.999877
-0.999881
-0.999885
-0.999889
-0.999893
-0.999897
-0.999900
-0.999904
-0.999908
-0.999911
-0.999915
-0.999918
-0.999922
-0.999925
-0.999928
-0.999931
-0.999934
-0.999937
-0.999940
-0.999943
-0.999946
-0.999949
-0.999951
-0.999954
-0.999957
-0.999959
-0.999961
-0.999964
-0.999966
-0.999968
-0.999970
-0.999972
-0.999974
-0.999976
-0.999978
-0.999979
-0.999981
-0.999983
-0.999984
-0.999986
-0.999987
-0.999988
-0.999990
-0.999991
-0.999992
-0.999993
-0.999994
-0.999995
-0.999996
-0.999996
-0.999997
-0.999998
-0.999998
-0.999999
-0.999999
-0.999999
-1.000000
-1.000000
-1.000000
-1.000000
-1.000000
-1.000000
-1.000000
-0.999999
-0.999999
-0.999999
-0.999998
-0.999998
-0.999997
-0.999996
-0.999996
-0.999995
-0.999994
-0.999993
-0.999992
-0.999991
-0.999990
-0.999988
-0.999987
-0.999986
-0.999984
-0.999983
-0.999981
-0.999979
-0.999978
-0.999976
-0.999974
-0.999972
-0.999970
-0.999968
-0.999966
-0.999964
-0.999961
-0.999959
-0.999957
-0.999954
-0.999951
-0.999949
-0.999946
-0.999943
-0.999940
-0.999937
-0.999934
-0.999931
-0.999928
-0.999925
-0.999922
-0.999918
-0.999915
-0.999911
-0.999908
-0.999904
-0.999900
-0.999897
-0.999893
-0.999889
-0.999885
-0.999881
-0.999877
-0.999872
-0.999868
-0.999864
-0.999859
-0.999855
-0.999850
-0.999845
-0.999841
-0.999836
-0.999831
-0.999826
-0.999821
-0.999816
-0.999811
-0.999806
-0.999801
-0.999795
-0.999790
-0.999784
-0.999779
-0.999773
-0.999767
-0.999761
-0.999756
-0.999750
-0.999744
-0.999738
-0.999731
-0.999725
-0.999719
-0.999713
-0.999706
-0.999700
-0.999693
-0.999686
-0.999680
-0.999673
-0.999666
-0.999659
-0.999652
-0.999645
-0.999638
-0.999631
-0.999624
-0.999616
-0.999609
-0.999601
-0.999594
-0.999586
-0.999578
-0.999571
-0.999563
-0.999555
-0.999547
-0.999539
-0.999531
-0.999522
-0.999514
-0.999506
-0.999497
-0.999489
-0.999480
-0.999472
-0.999463
-0.999454
-0.999445
-0.999436
-0.999427
-0.999418
-0.999409
-0.999400
-0.999391
-0.999382
-0.999372
-0.999363
-0.999353
-0.999343
-0.999334
-0.999324
-0.999314
-0.999304
-0.999294
-0.999284
-0.999274
-0.999264
-0.999254
-0.999243
-0.999233
-0.999222
-0.999212
-0.999201
-0.999190
-0.999180
-0.999169
-0.999158
-0.999147
-0.999136
-0.999125
-0.999113
-0.999102
-0.999091
-0.999079
-0.999068
-0.999056
-0.999045
-0.999033
-0.999021
-0.999009
-0.998997
-0.998985
-0.998973
-0.998961
-0.998949
-0.998937
-0.998924
-0.998912
-0.998899
-0.998887
-0.998874
-0.998861
-0.998849
-0.998836
-0.998823
-0.998810
-0.998797
-0.998784
-0.998771
-0.998757
-0.998744
-0.998730
-0.998717
-0.998703
-0.998690
-0.998676
-0.998662
-0.998648
-0.998634
-0.998620
-0.998606
-0.998592
-0.998578
-0.998564
-0.998549
-0.998535
-0.998520
-0.998506
-0.998491
-0.998476
-0.998462
-0.998447
-0.998432
-0.998417
-0.998402
-0.998387
-0.998371
-0.998356
-0.998341
-0.998325
-0.998310
-0.998294
-0.998278
-0.998263
-0.998247
-0.998231
-0.998215
-0.998199
-0.998183
-0.998167
-0.998150
-0.998134
-0.998118
-0.998101
-0.998085
-0.998068
-0.998051
-0.998035
-0.998018
-0.998001
-0.997984
-0.997967
-0.997950
-0.997933
-0.997915
-0.997898
-0.997881
-0.997863
-0.997846
-0.997828
-0.997810
-0.997792
-0.997775
-0.997757
-0.997739
-0.997721
-0.997703
-0.997684
-0.997666
-0.997648
-0.997630
-0.997611
-0.997592
-0.997574
-0.997555
-0.997536
-0.997517
-0.997498
-0.997479
-0.997460
-0.997441
-0.997422
-0.997403
-0.997383
-0.997364
-0.997344
-0.997325
-0.997305
-0.997285
-0.997265
-0.997246
-0.997226
-0.997206
-0.997186
-0.997166
-0.997145
-0.997125
-0.997105
-0.997084
-0.997063
-0.997043
-0.997022
-0.997001
-0.996981
-0.996960
-0.996939
-0.996918
-0.996897
-0.996875
-0.996854
-0.996833
-0.996811
-0.996790
-0.996768
-0.996747
-0.996725
-0.996703
-0.996681
-0.996659
-0.996637
-0.996615
-0.996593
-0.996571
-0.996549
-0.996526
-0.996504
-0.996481
-0.996459
-0.996436
-0.996413
-0.996390
-0.996367
-0.996345
-0.996321
-0.996298
-0.996275
-0.996252
-0.996229
-0.996205
-0.996182
-0.996158
-0.996134
-0.996111
-0.996087
-0.996063
-0.996039
-0.996015
-0.995991
-0.995967
-0.995943
-0.995919
-0.995894
-0.995870
-0.995845
-0.995821
-0.995796
-0.995771
-0.995746
-0.995721
-0.995696
-0.995671
-0.995646
-0.995621
-0.995596
-0.995571
-0.995545
-0.995520
-0.995494
-0.995468
-0.995443
-0.995417
-0.995391
-0.995365
-0.995339
-0.995313
-0.995287
-0.995261
-0.995234
-0.995208
-0.995182
-0.995155
-0.995128
-0.995102
-0.995075
-0.995048
-0.995021
-0.994994
-0.994967
-0.994940
-0.994913
-0.994886
-0.994858
-0.994831
-0.994803
-0.994776
-0.994748
-0.994720
-0.994693
-0.994665
-0.994637
-0.994609
-0.994581
-0.994552
-0.994524
-0.994496
-0.994467
-0.994439
-0.994410
-0.994382
-0.994353
-0.994324
-0.994295
-0.994266
-0.994237
-0.994208
-0.994179
-0.994150
-0.994120
-0.994091
-0.994062
-0.994032
-0.994002
-0.993973
-0.993943
-0.993913
-0.993883
-0.993853
-0.993823
-0.993793
-0.993763
-0.993733
-0.993702
-0.993672
-0.993641
-0.993611
-0.993580
-0.993549
-0.993518
-0.993487
-0.993456
-0.993425
-0.993394
-0.993363
-0.993332
-0.993300
-0.993269
-0.993237
-0.993206
-0.993174
-0.993142
-0.993110
-0.993079
-0.993047
-0.993015
-0.992982
-0.992950
-0.992918
-0.992885
-0.992853
-0.992821
-0.992788
-0.992755
-0.992723
-0.992690
-0.992657
-0.992624
-0.992591
-0.992558
-0.992524
-0.992491
-0.992458
-0.992424
-0.992391
-0.992357
-0.992324
-0.992290
-0.992256
-0.992222
-0.992188
-0.992154
-0.992120
-0.992086
-0.992051
-0.992017
-0.991983
-0.991948
-0.991914
-0.991879
-0.991844
-0.991809
-0.991774
-0.991739
-0.991704
-0.991669
-0.991634
-0.991599
-0.991563
-0.991528
-0.991492
-0.991457
-0.991421
-0.991385
-0.991349
-0.991313
-0.991277
-0.991241
-0.991205
-0.991169
-0.991133
-0.991096
-0.991060
-0.991023
-0.990987
-0.990950
-0.990913
-0.990876
-0.990839
-0.990802
-0.990765
-0.990728
-0.990691
-0.990653
-0.990616
-0.990579
-0.990541
-0.990503
-0.990466
-0.990428
-0.990390
-0.990352
-0.990314
-0.990276
-0.990238
-0.990199
-0.990161
-0.990123
-0.990084
-0.990045
-0.990007
-0.989968
-0.989929
-0.989890
-0.989851
-0.989812
-0.989773
-0.989734
-0.989695
-0.989655
-0.989616
-0.989576
-0.989536
-0.989497
-0.989457
-0.989417
-0.989377
-0.989337
-0.989297
-0.989257
-0.989217
-0.989176
-0.989136
-0.989095
-0.989055
-0.989014
-0.988973
-0.988933
-0.988891
-0.988851
-0.988810
-0.988768
-0.988727
-0.988686
-0.988644
-0.988603
-0.988561
-0.988520
-0.988478
-0.988436
-0.988394
-0.988353
-0.988311
-0.988268
-0.988226
-0.988184
-0.988142
-0.988099
-0.988057
-0.988014
-0.987971
-0.987929
-0.987886
-0.987843
-0.987800
-0.987757
-0.987714
-0.987670
-0.987627
-0.987584
-0.987540
-0.987496
-0.987453
-0.987409
-0.987365
-0.987321
-0.987277
-0.987233
-0.987189
-0.987145
-0.987101
-0.987056
-0.987012
-0.986967
-0.986923
-0.986878
-0.986833
-0.986788
-0.986743
-0.986698
-0.986653
-0.986608
-0.986563
-0.986517
-0.986472
-0.986426
-0.986381
-0.986335
-0.986289
-0.986243
-0.986197
-0.986151
-0.986105
-0.986059
-0.986013
-0.985966
-0.985920
-0.985873
-0.985827
-0.985780
-0.985733
-0.985686
-0.985640
-0.985593
-0.985545
-0.985498
-0.985451
-0.985404
-0.985356
-0.985309
-0.985261
-0.985213
-0.985166
-0.985118
-0.985070
-0.985022
-0.984973
-0.984925
-0.984877
-0.984829
-0.984780
-0.984732
-0.984683
-0.984634
-0.984586
-0.984537
-0.984488
-0.984439
-0.984390
-0.984340
-0.984291
-0.984242
-0.984192
-0.984143
-0.984093
-0.984044
-0.983994
-0.983944
-0.983894
-0.983844
-0.983794
-0.983743
-0.983693
-0.983643
-0.983592
-0.983542
-0.983491
-0.983440
-0.983390
-0.983339
-0.983288
-0.983236
-0.983185
-0.983134
-0.983083
-0.983031
-0.982980
-0.982928
-0.982877
-0.982825
-0.982773
-0.982721
-0.982669
-0.982617
-0.982565
-0.982513
-0.982460
-0.982408
-0.982355
-0.982303
-0.982250
-0.982197
-0.982144
-0.982091
-0.982038
-0.981985
-0.981932
-0.981879
-0.981825
-0.981772
-0.981718
-0.981665
-0.981611
-0.981557
-0.981503
-0.981449
-0.981395
-0.981341
-0.981287
-0.981232
-0.981178
-0.981123
-0.981069
-0.981014
-0.980959
-0.980904
-0.980849
-0.980794
-0.980739
-0.980684
-0.980629
-0.980573
-0.980518
-0.980462
-0.980406
-0.980351
-0.980295
-0.980239
-0.980183
-0.980127
-0.980071
-0.980014
-0.979958
-0.979902
-0.979845
-0.979788
-0.979732
-0.979675
-0.979618
-0.979561
-0.979504
-0.979447
-0.979389
-0.979332
-0.979275
-0.979217
-0.979159
-0.979102
-0.979044
-0.978986
-0.978928
-0.978870
-0.978812
-0.978754
-0.978695
-0.978637
-0.978578
-0.978520
-0.978461
-0.978402
-0.978344
-0.978285
-0.978225
-0.978166
-0.978107
-0.978048
-0.977988
-0.977929
-0.977869
-0.977810
-0.977750
-0.977690
-0.977630
-0.977570
-0.977510
-0.977450
-0.977389
-0.977329
-0.977268
-0.977208
-0.977147
-0.977086
-0.977025
-0.976964
-0.976903
-0.976842
-0.976781
-0.976720
-0.976658
-0.976597
-0.976535
-0.976473
-0.976412
-0.976350
-0.976288
-0.976226
-0.976164
-0.976101
-0.976039
-0.975977
-0.975914
-0.975851
-0.975789
-0.975726
-0.975663
-0.975600
-0.975537
-0.975474
-0.975411
-0.975347
-0.975284
-0.975220
-0.975157
-0.975093
-0.975029
-0.974965
-0.974901
-0.974837
-0.974773
-0.974709
-0.974644
-0.974580
-0.974515
-0.974451
-0.974386
-0.974321
-0.974256
-0.974191
-0.974126
-0.974060
-0.973995
-0.973930
-0.973864
-0.973799
-0.973733
-0.973667
-0.973601
-0.973535
-0.973469
-0.973403
-0.973337
-0.973270
-0.973204
-0.973137
-0.973071
-0.973004
-0.972937
-0.972870
-0.972803
-0.972736
-0.972669
-0.972601
-0.972534
-0.972466
-0.972399
-0.972331
-0.972263
-0.972195
-0.972127
-0.972059
-0.971991
-0.971923
-0.971854
-0.971786
-0.971717
-0.971649
-0.971580
-0.971511
-0.971442
-0.971373
-0.971304
-0.971234
-0.971165
-0.971096
-0.971026
-0.970956
-0.970887
-0.970817
-0.970747
-0.970677
-0.970607
-0.970536
-0.970466
-0.970396
-0.970325
-0.970254
-0.970184
-0.970113
-0.970042
-0.969971
-0.969900
-0.969828
-0.969757
-0.969686
-0.969614
-0.969543
-0.969471
-0.969399
-0.969327
-0.969255
-0.969183
-0.969111
-0.969038
-0.968966
-0.968894
-0.968821
-0.968748
-0.968675
-0.968602
-0.968529
-0.968456
-0.968383
-0.968310
-0.968236
-0.968163
-0.968089
-0.968015
-0.967942
-0.967868
-0.967794
-0.967719
-0.967645
-0.967571
-0.967497
-0.967422
-0.967347
-0.967273
-0.967198
-0.967123
-0.967048
-0.966973
-0.966897
-0.966822
-0.966747
-0.966671
-0.966595
-0.966519
-0.966444
-0.966368
-0.966292
-0.966215
-0.966139
-0.966063
-0.965986
-0.965910
-0.965833
-0.965756
-0.965679
-0.965602
-0.965525
-0.965448
-0.965371
-0.965293
-0.965216
-0.965138
-0.965060
-0.964983
-0.964905
-0.964826
-0.964748
-0.964670
-0.964592
-0.964513
-0.964435
-0.964356
-0.964277
-0.964198
-0.964119
-0.964040
-0.963961
-0.963882
-0.963803
-0.963723
-0.963643
-0.963563
-0.963484
-0.963404
-0.963324
-0.963243
-0.963163
-0.963083
-0.963002
-0.962922
-0.962841
-0.962760
-0.962679
-0.962598
-0.962517
-0.962436
-0.962355
-0.962273
-0.962192
-0.962110
-0.962028
-0.961946
-0.961865
-0.961782
-0.961700
-0.961618
-0.961535
-0.961453
-0.961370
-0.961288
-0.961205
-0.961122
-0.961039
-0.960955
-0.960872
-0.960789
-0.960705
-0.960622
-0.960538
-0.960454
-0.960370
-0.960286
-0.960202
-0.960118
-0.960033
-0.959949
-0.959864
-0.959780
-0.959695
-0.959610
-0.959525
-0.959439
-0.959354
-0.959269
-0.959184
-0.959098
-0.959012
-0.958926
-0.958840
-0.958754
-0.958668
-0.958582
-0.958495
-0.958409
-0.958322
-0.958236
-0.958149
-0.958062
-0.957975
-0.957888
-0.957800
-0.957713
-0.957626
-0.957538
-0.957450
-0.957362
-0.957274
-0.957186
-0.957098
-0.957010
-0.956921
-0.956833
-0.956744
-0.956655
-0.956566
-0.956477
-0.956388
-0.956299
-0.956210
-0.956120
-0.956031
-0.955941
-0.955851
-0.955761
-0.955671
-0.955581
-0.955491
-0.955400
-0.955310
-0.955219
-0.955129
-0.955038
-0.954947
-0.954856
-0.954765
-0.954673
-0.954582
-0.954490
-0.954399
-0.954307
-0.954215
-0.954123
-0.954031
-0.953939
-0.953846
-0.953754
-0.953661
-0.953568
-0.953475
-0.953382
-0.953289
-0.953196
-0.953103
-0.953009
-0.952916
-0.952822
-0.952728
-0.952634
-0.952540
-0.952446
-0.952352
-0.952258
-0.952163
-0.952068
-0.951974
-0.951879
-0.951784
-0.951689
-0.951593
-0.951498
-0.951403
-0.951307
-0.951211
-0.951115
-0.951019
-0.950923
-0.950827
-0.950731
-0.950634
-0.950538
-0.950441
-0.950344
-0.950247
-0.950150
-0.950053
-0.949956
-0.949858
-0.949760
-0.949663
-0.949565
-0.949467
-0.949369
-0.949271
-0.949173
-0.949074
-0.948976
-0.948877
-0.948778
-0.948679
-0.948580
-0.948481
-0.948382
-0.948282
-0.948182
-0.948083
-0.947983
-0.947883
-0.947783
-0.947683
-0.947582
-0.947482
-0.947381
-0.947281
-0.947180
-0.947079
-0.946978
-0.946877
-0.946775
-0.946674
-0.946572
-0.946471
-0.946369
-0.946267
-0.946165
-0.946062
-0.945960
-0.945858
-0.945755
-0.945652
-0.945549
-0.945446
-0.945343
-0.945240
-0.945136
-0.945033
-0.944929
-0.944825
-0.944722
-0.944618
-0.944513
-0.944409
-0.944304
-0.944200
-0.944095
-0.943990
-0.943885
-0.943780
-0.943675
-0.943570
-0.943464
-0.943359
-0.943253
-0.943147
-0.943041
-0.942935
-0.942828
-0.942722
-0.942615
-0.942509
-0.942402
-0.942295
-0.942188
-0.942081
-0.941973
-0.941866
-0.941758
-0.941650
-0.941542
-0.941434
-0.941326
-0.941218
-0.941109
-0.941001
-0.940892
-0.940783
-0.940674
-0.940565
-0.940456
-0.940346
-0.940237
-0.940127
-0.940017
-0.939907
-0.939797
-0.939687
-0.939577
-0.939466
-0.939355
-0.939245
-0.939134
-0.939023
-0.938911
-0.938800
-0.938689
-0.938577
-0.938465
-0.938353
-0.938241
-0.938129
-0.938017
-0.937904
-0.937792
-0.937679
-0.937566
-0.937453
-0.937340
-0.937226
-0.937113
-0.936999
-0.936886
-0.936772
-0.936658
-0.936543
-0.936429
-0.936315
-0.936200
-0.936085
-0.935970
-0.935855
-0.935740
-0.935625
-0.935509
-0.935394
-0.935278
-0.935162
-0.935046
-0.934930
-0.934813
-0.934697
-0.934580
-0.934464
-0.934347
-0.934230
-0.934112
-0.933995
-0.933878
-0.933760
-0.933642
-0.933524
-0.933406
-0.933288
-0.933169
-0.933051
-0.932932
-0.932813
-0.932694
-0.932575
-0.932456
-0.932336
-0.932217
-0.932097
-0.931977
-0.931857
-0.931737
-0.931616
-0.931496
-0.931375
-0.931254
-0.931133
-0.931012
-0.930891
-0.930770
-0.930648
-0.930526
-0.930405
-0.930282
-0.930160
-0.930038
-0.929916
-0.929793
-0.929670
-0.929547
-0.929424
-0.929301
-0.929177
-0.929054
-0.928930
-0.928806
-0.928682
-0.928558
-0.928434
-0.928309
-0.928184
-0.928060
-0.927935
-0.927809
-0.927684
-0.927559
-0.927433
-0.927307
-0.927181
-0.927055
-0.926929
-0.926803
-0.926676
-0.926549
-0.926423
-0.926296
-0.926168
-0.926041
-0.925913
-0.925786
-0.925658
-0.925530
-0.925402
-0.925274
-0.925145
-0.925016
-0.924887
-0.924758
-0.924629
-0.924500
-0.924371
-0.924241
-0.924111
-0.923981
-0.923851
-0.923721
-0.923590
-0.923460
-0.923329
-0.923198
-0.923067
-0.922935
-0.922804
-0.922672
-0.922541
-0.922409
-0.922276
-0.922144
-0.922012
-0.921879
-0.921746
-0.921613
-0.921480
-0.921347
-0.921213
-0.921080
-0.920946
-0.920812
-0.920678
-0.920544
-0.920409
-0.920274
-0.920140
-0.920004
-0.919869
-0.919734
-0.919598
-0.919463
-0.919327
-0.919191
-0.919055
-0.918918
-0.918782
-0.918645
-0.918508
-0.918371
-0.918234
-0.918096
-0.917959
-0.917821
-0.917683
-0.917545
-0.917406
-0.917268
-0.917129
-0.916990
-0.916852
-0.916712
-0.916573
-0.916433
-0.916294
-0.916154
-0.916014
-0.915873
-0.915733
-0.915592
-0.915451
-0.915310
-0.915169
-0.915028
-0.914886
-0.914744
-0.914603
-0.914460
-0.914318
-0.914176
-0.914033
-0.913890
-0.913747
-0.913604
-0.913460
-0.913317
-0.913173
-0.913030
-0.912885
-0.912741
-0.912596
-0.912452
-0.912307
-0.912162
-0.912017
-0.911871
-0.911726
-0.911580
-0.911434
-0.911288
-0.911141
-0.910995
-0.910848
-0.910701
-0.910554
-0.910406
-0.910259
-0.910111
-0.909963
-0.909815
-0.909667
-0.909519
-0.909370
-0.909221
-0.909072
-0.908923
-0.908773
-0.908624
-0.908474
-0.908324
-0.908174
-0.908023
-0.907873
-0.907722
-0.907571
-0.907419
-0.907268
-0.907117
-0.906965
-0.906813
-0.906660
-0.906508
-0.906355
-0.906203
-0.906050
-0.905896
-0.905743
-0.905589
-0.905436
-0.905282
-0.905127
-0.904973
-0.904818
-0.904663
-0.904509
-0.904353
-0.904198
-0.904042
-0.903886
-0.903730
-0.903574
-0.903417
-0.903261
-0.903104
-0.902947
-0.902790
-0.902632
-0.902474
-0.902316
-0.902158
-0.902000
-0.901841
-0.901683
-0.901524
-0.901365
-0.901205
-0.901046
-0.900886
-0.900726
-0.900566
-0.900405
-0.900244
-0.900083
-0.899922
-0.899761
-0.899600
-0.899438
-0.899276
-0.899114
-0.898951
-0.898789
-0.898626
-0.898463
-0.898300
-0.898136
-0.897973
-0.897809
-0.897644
-0.897480
-0.897315
-0.897151
-0.896986
-0.896820
-0.896655
-0.896489
-0.896324
-0.896157
-0.895991
-0.895824
-0.895657
-0.895490
-0.895323
-0.895156
-0.894988
-0.894820
-0.894652
-0.894484
-0.894315
-0.894146
-0.893977
-0.893808
-0.893638
-0.893468
-0.893298
-0.893128
-0.892958
-0.892787
-0.892616
-0.892445
-0.892274
-0.892102
-0.891930
-0.891758
-0.891586
-0.891413
-0.891240
-0.891067
-0.890894
-0.890720
-0.890547
-0.890373
-0.890199
-0.890024
-0.889849
-0.889674
-0.889499
-0.889324
-0.889148
-0.888972
-0.888796
-0.888620
-0.888443
-0.888266
-0.888089
-0.887912
-0.887734
-0.887556
-0.887378
-0.887200
-0.887021
-0.886842
-0.886663
-0.886484
-0.886304
-0.886124
-0.885944
-0.885764
-0.885583
-0.885403
-0.885221
-0.885040
-0.884859
-0.884676
-0.884495
-0.884312
-0.884129
-0.883947
-0.883763
-0.883580
-0.883396
-0.883213
-0.883028
-0.882844
-0.882659
-0.882474
-0.882289
-0.882103
-0.881918
-0.881732
-0.881545
-0.881359
-0.881172
-0.880985
-0.880798
-0.880610
-0.880423
-0.880234
-0.880046
-0.879857
-0.879668
-0.879479
-0.879290
-0.879100
-0.878910
-0.878720
-0.878529
-0.878338
-0.878147
-0.877956
-0.877764
-0.877572
-0.877380
-0.877188
-0.876995
-0.876802
-0.876609
-0.876415
-0.876221
-0.876027
-0.875833
-0.875638
-0.875443
-0.875248
-0.875052
-0.874857
-0.874660
-0.874464
-0.874267
-0.874071
-0.873873
-0.873676
-0.873478
-0.873280
-0.873081
-0.872883
-0.872684
-0.872485
-0.872285
-0.872085
-0.871885
-0.871684
-0.871484
-0.871283
-0.871082
-0.870880
-0.870678
-0.870476
-0.870273
-0.870071
-0.869868
-0.869664
-0.869460
-0.869256
-0.869052
-0.868848
-0.868643
-0.868437
-0.868232
-0.868026
-0.867820
-0.867614
-0.867407
-0.867200
-0.866992
-0.866785
-0.866577
-0.866369
-0.866160
-0.865951
-0.865742
-0.865532
-0.865322
-0.865112
-0.864902
-0.864691
-0.864480
-0.864269
-0.864057
-0.863845
-0.863632
-0.863420
-0.863207
-0.862993
-0.862780
-0.862566
-0.862351
-0.862137
-0.861922
-0.861706
-0.861491
-0.861275
-0.861059
-0.860842
-0.860625
-0.860408
-0.860190
-0.859972
-0.859754
-0.859535
-0.859316
-0.859097
-0.858877
-0.858657
-0.858437
-0.858217
-0.857995
-0.857774
-0.857552
-0.857330
-0.857108
-0.856885
-0.856662
-0.856439
-0.856215
-0.855991
-0.855767
-0.855542
-0.855316
-0.855091
-0.854865
-0.854639
-0.854413
-0.854186
-0.853958
-0.853731
-0.853503
-0.853274
-0.853045
-0.852816
-0.852587
-0.852357
-0.852127
-0.851897
-0.851666
-0.851435
-0.851203
-0.850971
-0.850739
-0.850506
-0.850273
-0.850039
-0.849805
-0.849571
-0.849337
-0.849102
-0.848866
-0.848631
-0.848394
-0.848158
-0.847921
-0.847684
-0.847446
-0.847208
-0.846970
-0.846731
-0.846492
-0.846252
-0.846012
-0.845772
-0.845531
-0.845290
-0.845049
-0.844807
-0.844564
-0.844321
-0.844078
-0.843835
-0.843591
-0.843347
-0.843102
-0.842857
-0.842611
-0.842365
-0.842119
-0.841873
-0.841626
-0.841378
-0.841130
-0.840881
-0.840633
-0.840384
-0.840134
-0.839884
-0.839633
-0.839383
-0.839131
-0.838879
-0.838627
-0.838375
-0.838122
-0.837868
-0.837614
-0.837360
-0.837105
-0.836850
-0.836595
-0.836339
-0.836082
-0.835826
-0.835568
-0.835310
-0.835052
-0.834794
-0.834535
-0.834275
-0.834015
-0.833755
-0.833494
-0.833233
-0.832971
-0.832709
-0.832446
-0.832183
-0.831920
-0.831655
-0.831391
-0.831126
-0.830861
-0.830595
-0.830329
-0.830062
-0.829794
-0.829527
-0.829259
-0.828990
-0.828721
-0.828451
-0.828181
-0.827910
-0.827640
-0.827368
-0.827096
-0.826824
-0.826551
-0.826277
-0.826003
-0.825729
-0.825454
-0.825179
-0.824903
-0.824627
-0.824350
-0.824072
-0.823794
-0.823516
-0.823237
-0.822958
-0.822678
-0.822398
-0.822117
-0.821835
-0.821554
-0.821271
-0.820989
-0.820705
-0.820421
-0.820136
-0.819852
-0.819566
-0.819280
-0.818994
-0.818706
-0.818419
-0.818130
-0.817842
-0.817553
-0.817263
-0.816973
-0.816682
-0.816391
-0.816099
-0.815806
-0.815513
-0.815220
-0.814926
-0.814631
-0.814336
-0.814040
-0.813744
-0.813447
-0.813150
-0.812852
-0.812553
-0.812254
-0.811954
-0.811654
-0.811353
-0.811052
-0.810750
-0.810447
-0.810144
-0.809840
-0.809536
-0.809231
-0.808926
-0.808620
-0.808313
-0.808006
-0.807698
-0.807390
-0.807081
-0.806771
-0.806461
-0.806150
-0.805839
-0.805526
-0.805214
-0.804901
-0.804587
-0.804272
-0.803957
-0.803641
-0.803325
-0.803008
-0.802691
-0.802372
-0.802053
-0.801734
-0.801413
-0.801093
-0.800772
-0.800449
-0.800127
-0.799803
-0.799479
-0.799155
-0.798829
-0.798503
-0.798176
-0.797849
-0.797521
-0.797193
-0.796863
-0.796534
-0.796202
-0.795871
-0.795539
-0.795206
-0.794873
-0.794539
-0.794204
-0.793869
-0.793533
-0.793196
-0.792858
-0.792520
-0.792181
-0.791841
-0.791501
-0.791160
-0.790818
-0.790475
-0.790132
-0.789788
-0.789443
-0.789098
-0.788752
-0.788405
-0.788057
-0.787709
-0.787360
-0.787010
-0.786659
-0.786308
-0.785955
-0.785602
-0.785249
-0.784894
-0.784539
-0.784183
-0.783827
-0.783469
-0.783110
-0.782752
-0.782392
-0.782031
-0.781669
-0.781307
-0.780944
-0.780580
-0.780216
-0.779850
-0.779484
-0.779117
-0.778749
-0.778380
-0.778010
-0.777640
-0.777269
-0.776896
-0.776524
-0.776150
-0.775775
-0.775400
-0.775024
-0.774647
-0.774268
-0.773889
-0.773510
-0.773129
-0.772748
-0.772365
-0.771982
-0.771598
-0.771213
-0.770827
-0.770440
-0.770052
-0.769664
-0.769274
-0.768884
-0.768492
-0.768100
-0.767707
-0.767312
-0.766917
-0.766521
-0.766124
-0.765726
-0.765327
-0.764928
-0.764527
-0.764125
-0.763722
-0.763318
-0.762914
-0.762508
-0.762102
-0.761694
-0.761285
-0.760876
-0.760465
-0.760054
-0.759641
-0.759227
-0.758812
-0.758397
-0.757980
-0.757562
-0.757143
-0.756724
-0.756303
-0.755881
-0.755458
-0.755034
-0.754608
-0.754183
-0.753755
-0.753327
-0.752897
-0.752466
-0.752035
-0.751602
-0.751168
-0.750733
-0.750297
-0.749860
-0.749421
-0.748982
-0.748541
-0.748099
-0.747656
-0.747212
-0.746767
-0.746321
-0.745873
-0.745424
-0.744974
-0.744522
-0.744070
-0.743616
-0.743162
-0.742705
-0.742248
-0.741789
-0.741330
-0.740869
-0.740406
-0.739943
-0.739478
-0.739012
-0.738545
-0.738076
-0.737606
-0.737135
-0.736662
-0.736189
-0.735713
-0.735237
-0.734759
-0.734280
-0.733799
-0.733318
-0.732835
-0.732350
-0.731864
-0.731376
-0.730888
-0.730398
-0.729906
-0.729413
-0.728918
-0.728423
-0.727926
-0.727427
-0.726927
-0.726425
-0.725922
-0.725417
-0.724912
-0.724404
-0.723895
-0.723384
-0.722872
-0.722359
-0.721844
-0.721327
-0.720809
-0.720289
-0.719767
-0.719245
-0.718720
-0.718194
-0.717667
-0.717137
-0.716606
-0.716074
-0.715540
-0.715003
-0.714466
-0.713927
-0.713385
-0.712843
-0.712298
-0.711752
-0.711205
-0.710655
-0.710104
-0.709551
-0.708996
-0.708439
-0.707880
-0.707320
-0.706758
-0.706194
-0.705628
-0.705061
-0.704492
-0.703920
-0.703347
-0.702773
-0.702196
-0.701616
-0.701035
-0.700453
-0.699868
-0.699281
-0.698693
-0.698101
-0.697509
-0.696914
-0.696317
-0.695719
-0.695118
-0.694515
-0.693910
-0.693303
-0.692694
-0.692082
-0.691468
-0.690853
-0.690235
-0.689615
-0.688992
-0.688367
-0.687741
-0.687112
-0.686481
-0.685847
-0.685211
-0.684573
-0.683932
-0.683290
-0.682644
-0.681996
-0.681347
-0.680694
-0.680039
-0.679381
-0.678721
-0.678060
-0.677394
-0.676727
-0.676057
-0.675384
-0.674709
-0.674032
-0.673352
-0.672669
-0.671982
-0.671294
-0.670604
-0.669910
-0.669212
-0.668514
-0.667811
-0.667106
-0.666399
-0.665689
-0.664975
-0.664259
-0.663539
-0.662817
-0.662092
-0.661363
-0.660632
-0.659898
-0.659160
-0.658420
-0.657676
-0.656930
-0.656180
-0.655427
-0.654671
-0.653911
-0.653148
-0.652381
-0.651612
-0.650839
-0.650063
-0.649283
-0.648500
-0.647714
-0.646923
-0.646130
-0.645333
-0.644531
-0.643727
-0.642919
-0.642106
-0.641291
-0.640471
-0.639648
-0.638821
-0.637989
-0.637156
-0.636317
-0.635474
-0.634626
-0.633775
-0.632920
-0.632062
-0.631199
-0.630330
-0.629459
-0.628582
-0.627702
-0.626816
-0.625928
-0.625034
-0.624135
-0.623233
-0.622325
-0.621413
-0.620496
-0.619574
-0.618647
-0.617716
-0.616780
-0.615839
-0.614893
-0.613942
-0.612986
-0.612024
-0.611057
-0.610086
-0.609108
-0.608126
-0.607137
-0.606144
-0.605144
-0.604140
-0.603129
-0.602112
-0.601090
-0.600063
-0.599028
-0.597988
-0.596942
-0.595889
-0.594831
-0.593766
-0.592695
-0.591617
-0.590533
-0.589441
-0.588343
-0.587240
-0.586127
-0.585009
-0.583885
-0.582751
-0.581612
-0.580464
-0.579311
-0.578148
-0.576980
-0.575802
-0.574616
-0.573423
-0.572223
-0.571014
-0.569796
-0.568570
-0.567336
-0.566093
-0.564841
-0.563581
-0.562312
-0.561034
-0.559747
-0.558450
-0.557145
-0.555829
-0.554502
-0.553167
-0.551822
-0.550465
-0.549100
-0.547725
-0.546336
-0.544939
-0.543529
-0.542110
-0.540678
-0.539236
-0.537781
-0.536313
-0.534836
-0.533344
-0.531840
-0.530326
-0.528796
-0.527254
-0.525698
-0.524128
-0.522545
-0.520950
-0.519338
-0.517712
-0.516071
-0.514415
-0.512744
-0.511057
-0.509351
-0.507632
-0.505896
-0.504144
-0.502374
-0.500587
-0.498779
-0.496955
-0.495113
-0.493252
-0.491368
-0.489468
-0.487544
-0.485603
-0.483640
-0.481653
-0.479647
-0.477615
-0.475563
-0.473484
-0.471384
-0.469257
-0.467107
-0.464928
-0.462722
-0.460492
-0.458231
-0.455945
-0.453626
-0.451276
-0.448896
-0.446487
-0.444042
-0.441564
-0.439050
-0.436506
-0.433921
-0.431298
-0.428637
-0.425935
-0.423193
-0.420408
-0.417580
-0.414711
-0.411791
-0.408823
-0.405805
-0.402736
-0.399614
-0.396437
-0.393203
-0.389910
-0.386555
-0.383137
-0.379653
-0.376095
-0.372470
-0.368772
-0.364996
-0.361139
-0.357198
-0.353169
-0.349048
-0.344830
-0.340505
-0.336080
-0.331544
-0.326891
-0.322115
-0.317201
-0.312157
-0.306968
-0.301625
-0.296120
-0.290432
-0.284567
-0.278506
-0.272234
-0.265726
-0.258984
-0.251981
-0.244683
-0.237090
-0.229163
-0.220871
-0.212165
-0.203032
-0.193413
-0.183234
-0.172464
-0.161010
-0.148778
-0.135635
-0.121481
-0.106121
-0.089302
-0.070782
-0.050140
-0.026787
